1	117062	99.60	253	0	0	1	255	1	252	0	1232
1	300729	99.21	253	0	0	1	255	1	252	0	1225
1	125795	99.21	253	0	0	1	255	1	252	0	1223
1	142794	99.21	253	0	0	1	255	1	252	0	1223
2	227835	99.60	253	0	0	1	255	1	252	0	1232
2	320094	99.21	253	0	0	1	255	1	252	0	1223
2	324549	99.21	253	0	0	1	255	1	252	0	1223
2	311063	98.81	253	0	0	1	255	1	252	0	1214
3	121768	99.60	253	0	0	1	255	1	252	0	1232
3	121741	99.21	253	0	0	1	255	1	252	0	1223
3	221633	99.21	253	0	0	1	255	1	252	0	1223
3	281742	99.21	253	0	0	1	255	1	252	0	1223
4	156630	99.60	253	0	0	1	255	1	252	0	1232
4	302206	99.21	253	0	0	1	255	1	252	0	1223
4	213556	99.21	253	0	0	1	255	1	252	0	1223
4	257943	99.21	253	0	0	1	255	1	252	0	1223
5	36989	99.61	254	0	0	1	256	1	253	0	1237
5	7143	99.21	254	0	0	1	256	1	253	0	1228
5	59995	99.21	254	0	0	1	256	1	253	0	1228
5	10152	99.21	254	0	0	1	256	1	253	0	1228
6	117078	99.60	253	0	0	1	255	1	252	0	1232
6	225585	99.21	253	0	0	1	255	1	252	0	1223
6	435625	99.21	253	0	0	1	255	1	252	0	1223
6	133150	99.21	253	0	0	1	255	1	252	0	1223
7	117084	99.60	253	0	0	1	255	1	252	0	1232
7	122803	99.21	253	0	0	1	255	1	252	0	1223
7	127857	99.21	253	0	0	1	255	1	252	0	1223
7	225939	99.21	253	0	0	1	255	1	252	0	1223
8	163505	99.21	254	0	0	1	256	1	253	0	1228
8	302189	98.43	254	0	0	1	256	1	253	0	1210
8	304545	98.05	256	0	0	1	256	1	255	0	1195
8	160700	98.03	254	0	0	1	256	1	252	0	1193
9	214725	99.21	253	0	0	1	255	1	252	0	1223
9	302219	99.21	253	0	0	1	255	1	252	0	1223
9	210559	98.81	253	0	0	1	255	1	252	0	1214
9	153200	98.81	253	0	0	1	255	1	252	0	1214
10	202619	99.60	253	0	0	1	255	1	252	0	1232
10	173999	96.84	253	0	0	1	255	1	252	0	1169
10	234400	96.84	253	0	0	1	255	1	252	0	1169
10	122803	96.44	253	0	0	1	255	1	252	0	1160
11	4896	99.61	254	0	0	1	256	1	253	0	1237
11	129582	99.21	254	0	0	1	256	1	253	0	1230
11	305607	99.21	254	0	0	1	256	1	253	0	1228
11	329444	99.21	254	0	0	1	256	1	253	0	1228
12	131524	99.60	253	0	0	1	255	1	252	0	1232
12	182695	99.21	253	0	0	1	255	1	252	0	1223
12	309559	99.21	253	0	0	1	255	1	252	0	1223
12	293262	99.21	253	0	0	1	255	1	252	0	1223
13	16538	99.61	254	0	0	1	256	1	253	0	1237
13	63460	99.21	254	0	0	1	256	1	253	0	1228
13	153673	99.21	254	0	0	1	256	1	253	0	1228
13	298882	99.21	254	0	0	1	256	1	253	0	1228
14	148048	99.60	253	0	0	1	255	1	252	0	1232
14	156813	99.21	253	0	0	1	255	1	252	0	1223
14	295054	99.21	253	0	0	1	255	1	252	0	1223
14	272659	99.21	253	0	0	1	255	1	252	0	1223
15	90966	99.61	254	0	0	1	256	1	253	0	1237
15	155530	99.21	254	0	0	1	256	1	253	0	1228
15	206222	99.21	254	0	0	1	256	1	253	0	1228
15	215967	99.21	254	0	0	1	256	1	253	0	1228
16	98242	99.61	254	0	0	1	256	1	253	0	1237
16	249114	99.21	254	0	0	1	256	1	253	0	1228
16	357002	99.21	254	0	0	1	256	1	253	0	1228
16	360981	99.21	254	0	0	1	256	1	253	0	1228
17	253417	99.60	253	0	0	1	255	1	252	0	1232
17	359934	99.21	253	0	0	1	255	1	252	0	1223
17	359944	99.21	253	0	0	1	255	1	252	0	1223
17	378622	99.21	253	0	0	1	255	1	252	0	1223
18	124227	99.60	253	0	0	1	255	1	252	0	1232
18	153461	99.21	253	0	0	1	255	1	252	0	1223
18	161364	99.21	253	0	0	1	255	1	252	0	1223
18	245791	99.21	253	0	0	1	255	1	252	0	1223
19	440943	99.60	253	0	0	1	255	1	252	0	1232
19	150633	94.47	253	0	0	1	255	1	252	0	1115
19	257626	94.07	253	0	0	1	255	1	252	0	1106
19	428300	94.07	253	0	0	1	255	1	252	0	1106
20	288907	99.60	253	0	0	1	255	1	252	0	1232
20	342110	99.21	253	0	0	1	255	1	252	0	1223
20	363213	99.21	253	0	0	1	255	1	252	0	1223
20	363374	99.21	253	0	0	1	255	1	252	0	1223
21	3238	99.61	254	0	0	1	256	1	253	0	1237
21	297747	99.21	254	0	0	1	256	1	253	0	1228
21	297741	99.21	254	0	0	1	256	1	253	0	1228
21	229675	99.21	254	0	0	1	256	1	253	0	1228
22	219745	99.61	254	0	0	1	256	1	253	0	1237
22	278900	99.21	254	0	0	1	256	1	253	0	1228
22	205416	99.21	254	0	0	1	256	1	253	0	1228
22	286321	99.21	254	0	0	1	256	1	253	0	1228
23	142056	99.61	254	0	0	1	256	1	253	0	1237
23	254009	99.21	254	0	0	1	256	1	253	0	1228
23	70104	99.21	254	0	0	1	256	1	253	0	1228
23	407938	98.43	254	0	0	1	256	1	253	0	1210
24	206640	99.61	254	0	0	1	256	1	253	0	1237
24	392535	99.21	254	0	0	1	256	1	253	0	1228
24	215633	98.82	254	0	0	1	256	1	253	0	1219
24	332434	98.43	254	0	0	1	256	1	253	0	1210
25	71501	99.61	254	0	0	1	256	1	253	0	1237
25	128752	99.21	254	0	0	1	256	1	253	0	1228
25	252861	98.82	254	0	0	1	256	1	253	0	1219
25	317937	98.82	254	0	0	1	256	1	253	0	1219
26	209437	99.61	254	0	0	1	256	1	253	0	1237
26	245145	99.21	254	0	0	1	256	1	253	0	1228
26	89653	99.21	254	0	0	1	256	1	253	0	1228
26	222612	98.03	254	0	0	1	256	1	253	0	1201
27	82690	99.61	254	0	0	1	256	1	253	0	1237
27	229899	99.21	254	0	0	1	256	1	253	0	1228
27	260652	99.21	254	0	0	1	256	1	253	0	1228
27	285669	99.21	254	0	0	1	256	1	253	0	1228
28	89132	99.61	254	0	0	1	256	1	253	0	1237
28	226818	99.21	254	0	0	1	256	1	253	0	1228
28	244898	99.21	254	0	0	1	256	1	253	0	1228
28	319267	99.21	254	0	0	1	256	1	253	0	1228
29	127276	99.61	254	0	0	1	256	1	253	0	1237
29	130707	99.21	254	0	0	1	256	1	253	0	1228
29	206581	99.21	254	0	0	1	256	1	253	0	1228
29	229331	99.21	254	0	0	1	256	1	253	0	1228
30	264396	99.61	254	0	0	1	256	1	253	0	1237
30	100564	99.21	254	0	0	1	256	1	253	0	1228
30	213285	99.21	254	0	0	1	256	1	253	0	1228
30	226874	99.21	254	0	0	1	256	1	253	0	1228
31	206640	99.21	254	0	0	1	256	1	253	0	1228
31	392535	98.82	254	0	0	1	256	1	253	0	1219
31	332434	98.43	254	0	0	1	256	1	253	0	1210
31	250761	98.43	254	0	0	1	256	1	253	0	1210
32	207705	99.61	255	0	0	1	257	1	254	0	1242
32	236786	99.22	255	0	0	1	257	1	254	0	1233
32	218753	99.22	255	0	0	1	257	1	254	0	1233
32	159758	99.22	255	0	0	1	257	1	254	0	1233
33	207220	99.61	254	0	0	1	256	1	253	0	1237
33	252929	99.21	254	0	0	1	256	1	253	0	1228
33	229082	99.21	254	0	0	1	256	1	253	0	1228
33	262322	99.21	254	0	0	1	256	1	253	0	1228
34	527	99.61	254	0	0	1	256	1	253	0	1237
34	15533	99.21	254	0	0	1	256	1	253	0	1233
34	28233	99.21	254	0	0	1	256	1	253	0	1233
34	34349	99.21	254	0	0	1	256	1	253	0	1233
35	92494	99.61	254	0	0	1	256	1	253	0	1237
35	433442	99.21	254	0	0	1	256	1	253	0	1228
35	445995	98.43	255	0	0	1	256	1	254	0	1207
35	70248	96.46	254	0	0	1	256	1	253	0	1165
36	72397	99.61	254	0	0	1	256	1	253	0	1237
36	261242	99.21	254	0	0	1	256	1	253	0	1228
36	279978	99.21	254	0	0	1	256	1	253	0	1228
36	234389	99.21	254	0	0	1	256	1	253	0	1228
37	162978	99.61	254	0	0	1	256	1	253	0	1237
37	289038	99.21	254	0	0	1	256	1	253	0	1228
37	336639	99.21	254	0	0	1	256	1	253	0	1228
37	226781	99.21	254	0	0	1	256	1	253	0	1228
38	163631	99.61	254	0	0	1	256	1	253	0	1237
38	150940	99.21	254	0	0	1	256	1	253	0	1228
38	153226	99.21	254	0	0	1	256	1	253	0	1228
38	232518	99.21	254	0	0	1	256	1	253	0	1228
39	92244	99.61	254	0	0	1	256	1	253	0	1237
39	291887	99.21	254	0	0	1	256	1	253	0	1228
39	360924	99.21	254	0	0	1	256	1	253	0	1228
39	220716	99.21	254	0	0	1	256	1	253	0	1228
40	119301	99.61	254	0	0	1	256	1	253	0	1237
40	70531	99.21	254	0	0	1	256	1	253	0	1228
40	226729	99.21	254	0	0	1	256	1	253	0	1228
40	295355	99.21	254	0	0	1	256	1	253	0	1228
41	198152	99.61	254	0	0	1	256	1	253	0	1237
41	220378	99.21	254	0	0	1	256	1	253	0	1228
41	319173	99.21	254	0	0	1	256	1	253	0	1228
41	214978	99.21	254	0	0	1	256	1	253	0	1228
42	175917	99.61	254	0	0	1	256	1	253	0	1237
42	149927	99.21	254	0	0	1	256	1	253	0	1228
42	161190	99.21	254	0	0	1	256	1	253	0	1228
42	221217	99.21	254	0	0	1	256	1	253	0	1228
43	433445	99.21	254	0	0	1	256	1	253	0	1228
43	266409	98.82	254	0	0	1	256	1	253	0	1219
43	371342	98.03	254	0	0	1	256	1	253	0	1201
43	238325	97.64	254	0	0	1	256	1	253	0	1192
44	6336	99.61	254	0	0	1	256	1	253	0	1237
44	20444	99.21	254	0	0	1	256	1	253	0	1230
44	20588	99.21	254	0	0	1	256	1	253	0	1228
44	175991	99.21	254	0	0	1	256	1	253	0	1228
45	90965	96.85	254	0	0	1	256	1	253	0	1174
45	260766	96.46	254	0	0	1	256	1	253	0	1165
45	266377	96.46	254	0	0	1	256	1	253	0	1165
45	262086	96.46	254	0	0	1	256	1	253	0	1165
46	209289	99.61	254	0	0	1	256	1	253	0	1237
46	277689	99.21	254	0	0	1	256	1	253	0	1228
46	323894	99.21	254	0	0	1	256	1	253	0	1228
46	291955	99.21	254	0	0	1	256	1	253	0	1228
47	52	99.61	254	0	0	1	256	1	253	0	1237
47	24544	99.21	254	0	0	1	256	1	253	0	1233
47	83292	99.21	254	0	0	1	256	1	253	0	1233
47	239488	99.21	254	0	0	1	256	1	253	0	1228
48	89717	99.61	254	0	0	1	256	1	253	0	1237
48	302248	99.21	254	0	0	1	256	1	253	0	1228
48	221650	99.21	254	0	0	1	256	1	253	0	1228
48	288877	99.21	254	0	0	1	256	1	253	0	1228
49	135202	99.61	254	0	0	1	256	1	253	0	1237
49	234422	99.21	254	0	0	1	256	1	253	0	1228
49	290116	99.21	254	0	0	1	256	1	253	0	1228
49	187997	99.21	254	0	0	1	256	1	253	0	1228
50	97265	99.61	254	0	0	1	256	1	253	0	1237
50	236086	99.21	254	0	0	1	256	1	253	0	1228
50	263065	99.21	254	0	0	1	256	1	253	0	1228
50	395014	99.21	254	0	0	1	256	1	253	0	1228
51	175905	99.61	254	0	0	1	256	1	253	0	1237
51	160167	99.21	254	0	0	1	256	1	253	0	1228
51	160702	99.21	254	0	0	1	256	1	253	0	1228
51	356308	98.82	254	0	0	1	256	1	253	0	1219
52	87091	99.61	254	0	0	1	256	1	253	0	1237
52	308713	99.21	254	0	0	1	256	1	253	0	1228
52	368765	99.21	254	0	0	1	256	1	253	0	1228
52	290768	99.21	254	0	0	1	256	1	253	0	1228
53	5223	99.61	255	0	0	1	257	1	254	0	1242
53	109200	99.22	255	0	0	1	257	1	254	0	1238
53	51001	99.22	255	0	0	1	257	1	254	0	1233
53	89280	99.22	255	0	0	1	257	1	254	0	1233
54	156653	99.60	253	0	0	1	255	1	252	0	1232
54	92261	99.21	253	0	0	1	255	1	252	0	1223
54	170118	99.21	253	0	0	1	255	1	252	0	1223
54	355219	98.81	253	0	0	1	255	1	252	0	1214
55	417411	99.61	254	0	0	1	256	1	253	0	1237
55	300203	98.82	254	0	0	1	256	1	253	0	1219
55	339929	98.43	254	0	0	1	256	1	253	0	1210
55	230111	98.43	254	0	0	1	256	1	253	0	1210
56	88121	99.61	254	0	0	1	256	1	253	0	1237
56	119520	99.21	254	0	0	1	256	1	253	0	1228
56	265435	98.82	254	0	0	1	256	1	254	0	1227
56	222265	98.43	254	0	0	1	256	1	253	0	1210
57	122798	99.61	254	0	0	1	256	1	253	0	1237
57	243695	99.21	254	0	0	1	256	1	253	0	1228
57	326490	99.21	254	0	0	1	256	1	253	0	1228
57	297866	99.21	254	0	0	1	256	1	253	0	1228
58	2872	99.61	254	0	0	1	256	1	253	0	1237
58	2967	99.21	254	0	0	1	256	1	253	0	1230
58	414454	99.21	254	0	0	1	256	1	253	0	1228
58	85147	99.21	254	0	0	1	256	1	253	0	1228
59	89181	99.61	254	0	0	1	256	1	253	0	1237
59	261249	99.21	254	0	0	1	256	1	253	0	1228
59	323062	99.21	254	0	0	1	256	1	253	0	1228
59	323226	99.21	254	0	0	1	256	1	253	0	1228
60	119312	99.60	253	0	0	1	255	1	252	0	1232
60	406585	99.21	253	0	0	1	255	1	252	0	1223
60	159528	99.21	253	0	0	1	255	1	252	0	1223
60	324660	98.42	253	0	0	1	255	1	252	0	1205
61	127854	99.21	253	0	0	1	255	1	252	0	1223
61	445393	98.81	253	0	0	1	255	1	252	0	1214
61	53158	94.86	253	0	0	1	255	1	252	0	1124
61	219043	94.07	253	0	0	1	255	1	252	0	1106
62	1354	99.61	254	0	0	1	256	1	253	0	1237
62	303126	99.21	254	0	0	1	256	1	253	0	1228
62	17730	99.21	254	0	0	1	256	1	253	0	1228
62	9899	99.21	254	0	0	1	256	1	253	0	1228
63	92192	99.61	254	0	0	1	256	1	253	0	1237
63	89363	98.82	254	0	0	1	256	1	253	0	1219
63	89510	98.43	254	0	0	1	256	1	253	0	1210
63	415505	98.43	254	0	0	1	256	1	253	0	1210
64	21306	99.61	254	0	0	1	256	1	253	0	1237
64	251704	99.21	254	0	0	1	256	1	253	0	1228
64	281326	99.21	254	0	0	1	256	1	253	0	1228
64	89899	99.21	254	0	0	1	256	1	253	0	1228
65	1217	99.61	254	0	0	1	256	1	253	0	1237
65	152398	99.21	254	0	0	1	256	1	253	0	1228
65	206798	99.21	254	0	0	1	256	1	253	0	1228
65	280058	99.21	254	0	0	1	256	1	253	0	1228
66	160750	99.61	254	0	0	1	256	1	253	0	1237
66	358985	99.21	254	0	0	1	256	1	253	0	1228
66	276393	99.21	254	0	0	1	256	1	253	0	1228
66	279983	97.29	258	0	0	1	256	1	257	0	1171
67	4914	99.61	254	0	0	1	256	1	253	0	1237
67	956	99.21	254	0	0	1	256	1	253	0	1228
67	44825	99.21	254	0	0	1	256	1	253	0	1228
67	286410	99.21	254	0	0	1	256	1	253	0	1228
68	231301	99.61	254	0	0	1	256	1	253	0	1237
68	268253	99.21	254	0	0	1	256	1	253	0	1228
68	297205	99.21	254	0	0	1	256	1	253	0	1228
68	211785	99.21	254	0	0	1	256	1	253	0	1228
69	225916	99.61	254	0	0	1	256	1	253	0	1237
69	290765	99.21	254	0	0	1	256	1	253	0	1228
69	307243	99.21	254	0	0	1	256	1	253	0	1228
69	310496	99.21	254	0	0	1	256	1	253	0	1228
70	262092	99.61	254	0	0	1	256	1	253	0	1237
70	104049	97.24	254	0	0	1	256	1	253	0	1183
70	294073	95.28	254	0	0	1	256	1	253	0	1138
70	97095	95.28	254	0	0	1	256	1	253	0	1138
71	90360	99.61	254	0	0	1	256	1	253	0	1237
71	228106	99.21	254	0	0	1	256	1	253	0	1228
71	282031	99.21	254	0	0	1	256	1	253	0	1228
71	207209	99.21	254	0	0	1	256	1	253	0	1228
72	172407	99.61	254	0	0	1	256	1	253	0	1237
72	226096	99.21	254	0	0	1	256	1	253	0	1228
72	370192	99.21	254	0	0	1	256	1	253	0	1228
72	231430	99.21	254	0	0	1	256	1	253	0	1228
73	97045	99.61	254	0	0	1	256	1	253	0	1237
73	295268	99.22	255	0	0	1	256	1	254	0	1225
73	277932	99.21	254	0	0	1	256	1	253	0	1228
73	288121	98.82	254	0	0	1	256	1	253	0	1219
74	89363	99.61	254	0	0	1	256	1	253	0	1237
74	89510	99.21	254	0	0	1	256	1	253	0	1228
74	250436	99.21	254	0	0	1	256	1	253	0	1228
74	415505	99.21	254	0	0	1	256	1	253	0	1228
75	155344	99.61	254	0	0	1	256	1	253	0	1237
75	294203	99.21	254	0	0	1	256	1	253	0	1228
75	202298	99.21	254	0	0	1	256	1	252	0	1220
75	226858	98.82	254	0	0	1	256	1	253	0	1219
76	252700	99.61	254	0	0	1	256	1	253	0	1237
76	252703	99.21	254	0	0	1	256	1	253	0	1228
76	295321	99.21	254	0	0	1	256	1	253	0	1228
76	385003	99.21	254	0	0	1	256	1	253	0	1228
77	163633	99.61	254	0	0	1	256	1	253	0	1237
77	324921	99.21	254	0	0	1	256	1	253	0	1228
77	363928	99.21	254	0	0	1	256	1	253	0	1228
77	260754	99.21	254	0	0	1	256	1	252	0	1220
78	136752	99.61	255	0	0	1	257	1	254	0	1242
78	351079	99.22	255	0	0	1	257	1	254	0	1233
78	360983	99.22	255	0	0	1	257	1	254	0	1233
78	378058	98.82	255	0	0	1	257	1	254	0	1224
79	130988	99.61	254	0	0	1	256	1	253	0	1237
79	89125	99.21	254	0	0	1	256	1	253	0	1228
79	235546	99.21	254	0	0	1	256	1	253	0	1228
79	128724	99.21	254	0	0	1	256	1	253	0	1228
80	83	99.61	254	0	0	1	256	1	253	0	1237
80	252452	99.21	254	0	0	1	256	1	253	0	1228
80	241004	99.21	254	0	0	1	256	1	253	0	1228
80	357307	99.21	254	0	0	1	256	1	253	0	1228
81	137158	99.61	254	0	0	1	256	1	253	0	1237
81	92633	99.21	254	0	0	1	256	1	253	0	1228
81	238215	99.21	254	0	0	1	256	1	253	0	1228
81	342973	99.21	254	0	0	1	256	1	253	0	1228
82	2589	99.60	253	0	0	1	255	1	252	0	1232
82	395164	99.21	253	0	0	1	255	1	252	0	1225
82	87757	99.21	253	0	0	1	255	1	252	0	1223
82	85205	99.21	253	0	0	1	255	1	252	0	1223
83	90001	99.61	254	0	0	1	256	1	253	0	1237
83	177682	99.21	254	0	0	1	256	1	253	0	1228
83	130763	99.21	254	0	0	1	256	1	253	0	1228
83	319193	99.21	254	0	0	1	256	1	253	0	1228
84	76553	99.61	254	0	0	1	256	1	253	0	1237
84	161030	99.21	254	0	0	1	256	1	253	0	1228
84	296717	99.21	254	0	0	1	256	1	253	0	1228
84	155087	99.21	254	0	0	1	256	1	253	0	1228
85	13	99.61	254	0	0	1	256	1	253	0	1237
85	118971	99.21	254	0	0	1	256	1	253	0	1233
85	162551	99.21	254	0	0	1	256	1	253	0	1233
85	51569	99.21	254	0	0	1	256	1	253	0	1233
86	70233	99.61	254	0	0	1	256	1	253	0	1237
86	121584	99.21	254	0	0	1	256	1	253	0	1228
86	221699	99.21	254	0	0	1	256	1	253	0	1228
86	288926	99.21	254	0	0	1	256	1	253	0	1228
87	97835	99.61	254	0	0	1	256	1	253	0	1237
87	295891	99.21	254	0	0	1	256	1	253	0	1228
87	324906	99.21	254	0	0	1	256	1	253	0	1228
87	280049	98.82	254	0	0	1	256	1	253	0	1219
88	236288	99.61	254	0	0	1	256	1	253	0	1237
88	262234	99.21	254	0	0	1	256	1	253	0	1228
88	295995	99.21	254	0	0	1	256	1	253	0	1228
88	253758	99.21	254	0	0	1	256	1	253	0	1228
89	186	99.61	254	0	0	1	256	1	253	0	1237
89	6855	99.21	254	0	0	1	256	1	253	0	1233
89	50873	99.21	254	0	0	1	256	1	253	0	1233
89	2989	99.21	254	0	0	1	256	1	253	0	1233
90	311645	97.27	256	0	0	1	258	1	255	0	1193
90	92649	96.48	256	0	0	1	258	1	255	0	1175
90	257272	95.31	256	0	0	1	258	1	255	0	1148
90	278977	94.53	256	0	0	1	258	1	255	0	1130
91	206812	99.61	254	0	0	1	256	1	253	0	1237
91	69771	99.21	254	0	0	1	256	1	253	0	1228
91	205433	99.21	254	0	0	1	256	1	253	0	1228
91	244053	99.21	254	0	0	1	256	1	253	0	1228
92	88682	99.61	254	0	0	1	256	1	253	0	1237
92	237200	99.21	254	0	0	1	256	1	253	0	1228
92	324758	99.21	254	0	0	1	256	1	253	0	1228
92	180456	99.21	254	0	0	1	256	1	253	0	1228
93	221063	99.61	254	0	0	1	256	1	253	0	1237
93	269628	99.21	254	0	0	1	256	1	253	0	1228
93	309201	99.21	254	0	0	1	256	1	253	0	1228
93	324799	99.21	254	0	0	1	256	1	253	0	1228
94	100564	99.61	254	0	0	1	256	1	253	0	1237
94	264396	99.21	254	0	0	1	256	1	253	0	1228
94	262331	99.21	254	0	0	1	256	1	253	0	1228
94	213285	98.82	254	0	0	1	256	1	253	0	1219
95	433442	99.61	254	0	0	1	256	1	253	0	1237
95	92494	99.21	254	0	0	1	256	1	253	0	1228
95	445995	98.82	255	0	0	1	256	1	254	0	1216
95	70248	96.06	254	0	0	1	256	1	253	0	1156
96	377	99.60	253	0	0	1	255	1	252	0	1232
96	418465	99.21	253	0	0	1	255	1	252	0	1228
96	79610	99.21	253	0	0	1	255	1	252	0	1223
96	235981	99.21	253	0	0	1	255	1	252	0	1223
97	187016	99.60	253	0	0	1	255	1	252	0	1232
97	215630	99.21	254	0	0	1	255	1	253	0	1220
97	315322	99.21	253	0	0	1	255	1	252	0	1223
97	249300	98.42	253	0	0	1	255	1	252	0	1205
98	210327	99.21	254	0	0	1	256	1	253	0	1228
98	139527	99.21	254	0	0	1	256	1	253	0	1228
98	263585	99.21	254	0	0	1	256	1	253	0	1228
98	92374	98.82	254	0	0	1	256	1	253	0	1219
99	2255	99.61	254	0	0	1	256	1	253	0	1237
99	8058	99.21	254	0	0	1	256	1	253	0	1230
99	21872	99.21	254	0	0	1	256	1	253	0	1228
99	137178	99.21	254	0	0	1	256	1	253	0	1228
100	253417	99.21	253	0	0	1	255	1	252	0	1223
100	378622	98.81	253	0	0	1	255	1	252	0	1214
100	375060	98.81	253	0	0	1	255	1	252	0	1214
100	363217	98.81	253	0	0	1	255	1	252	0	1214
101	208303	99.61	254	0	0	1	256	1	253	0	1237
101	236086	99.21	254	0	0	1	256	1	253	0	1228
101	97265	98.82	254	0	0	1	256	1	253	0	1219
101	257141	98.82	254	0	0	1	256	1	253	0	1219
102	216852	99.61	254	0	0	1	256	1	253	0	1237
102	306079	99.21	254	0	0	1	256	1	253	0	1228
102	328801	99.21	254	0	0	1	256	1	253	0	1228
102	325524	98.82	254	0	0	1	256	1	253	0	1219
103	88129	99.61	254	0	0	1	256	1	253	0	1237
103	262894	99.21	254	0	0	1	256	1	253	0	1228
103	252581	99.21	254	0	0	1	256	1	253	0	1228
103	71841	98.43	254	0	0	1	256	1	253	0	1210
104	400	99.61	254	0	0	1	256	1	253	0	1237
104	59424	99.21	254	0	0	1	256	1	253	0	1233
104	99082	99.21	254	0	0	1	256	1	253	0	1233
104	427536	99.21	254	0	0	1	256	1	253	0	1233
105	269055	99.61	254	0	0	1	256	1	253	0	1237
105	153389	97.64	254	0	0	1	256	1	253	0	1192
105	327258	96.85	254	0	0	1	256	1	253	0	1174
105	327339	96.85	254	0	0	1	256	1	253	0	1174
106	87855	99.61	254	0	0	1	256	1	253	0	1237
106	251436	99.21	254	0	0	1	256	1	253	0	1228
106	397409	99.21	254	0	0	1	256	1	253	0	1228
106	326443	98.82	254	0	0	1	256	1	253	0	1219
107	5393	99.60	252	0	0	1	254	1	251	0	1227
107	86267	99.21	252	0	0	1	254	1	251	0	1218
107	123337	99.21	252	0	0	1	254	1	251	0	1218
107	381189	99.21	252	0	0	1	254	1	251	0	1218
108	217605	99.61	254	0	0	1	256	1	253	0	1237
108	409785	99.21	254	0	0	1	256	1	253	0	1228
108	430207	99.21	254	0	0	1	256	1	253	0	1228
108	240258	99.21	254	0	0	1	256	1	253	0	1228
109	109744	99.61	254	0	0	1	256	1	253	0	1237
109	13878	99.21	254	0	0	1	256	1	253	0	1228
109	18982	97.64	254	0	0	1	256	1	253	0	1192
109	337248	97.24	254	0	0	1	256	1	253	0	1183
110	153389	98.03	254	0	0	1	256	1	253	0	1201
110	269055	97.64	254	0	0	1	256	1	253	0	1192
110	327258	97.24	254	0	0	1	256	1	253	0	1183
110	128334	96.85	254	0	0	1	256	1	253	0	1174
111	69771	99.61	254	0	0	1	256	1	253	0	1237
111	206812	99.21	254	0	0	1	256	1	253	0	1228
111	234413	99.21	254	0	0	1	256	1	253	0	1228
111	220662	99.21	254	0	0	1	256	1	252	0	1220
112	210261	99.61	254	0	0	1	256	1	253	0	1237
112	207228	99.21	254	0	0	1	256	1	253	0	1228
112	226851	99.21	254	0	0	1	256	1	253	0	1228
112	433229	99.21	254	0	0	1	256	1	253	0	1228
113	125815	99.61	254	0	0	1	256	1	253	0	1237
113	185161	99.21	254	0	0	1	256	1	253	0	1228
113	235991	98.43	254	0	0	1	256	1	253	0	1210
113	211798	98.43	254	0	0	1	256	1	253	0	1210
114	209165	99.61	254	0	0	1	256	1	253	0	1237
114	278904	98.82	254	0	0	1	256	1	254	0	1227
114	90583	98.82	254	0	0	1	256	1	253	0	1219
114	404571	98.82	254	0	0	1	256	1	253	0	1219
115	221171	99.61	254	0	0	1	256	1	253	0	1237
115	270129	99.21	254	0	0	1	256	1	253	0	1228
115	89551	99.21	254	0	0	1	256	1	253	0	1228
115	319218	99.21	254	0	0	1	256	1	253	0	1228
116	226549	99.61	254	0	0	1	256	1	253	0	1237
116	221097	99.21	254	0	0	1	256	1	253	0	1228
116	272704	99.21	254	0	0	1	256	1	253	0	1228
116	245379	99.21	254	0	0	1	256	1	253	0	1228
117	4101	99.61	254	0	0	1	256	1	253	0	1237
117	13939	99.21	254	0	0	1	256	1	253	0	1228
117	311021	99.21	254	0	0	1	256	1	253	0	1228
117	229722	98.82	254	0	0	1	256	1	253	0	1219
118	73338	99.61	254	0	0	1	256	1	253	0	1237
118	139374	99.21	254	0	0	1	256	1	253	0	1228
118	180446	99.21	254	0	0	1	256	1	253	0	1228
118	230123	99.21	254	0	0	1	256	1	253	0	1228
119	101110	99.61	254	0	0	1	256	1	253	0	1237
119	101530	99.21	254	0	0	1	256	1	253	0	1228
119	150917	99.21	254	0	0	1	256	1	253	0	1228
119	210249	99.21	254	0	0	1	256	1	253	0	1228
120	70712	99.61	254	0	0	1	256	1	253	0	1237
120	153199	99.21	254	0	0	1	256	1	253	0	1228
120	349904	99.21	254	0	0	1	256	1	253	0	1228
120	74580	99.21	254	0	0	1	256	1	253	0	1228
121	170119	99.61	254	0	0	1	256	1	253	0	1237
121	213297	99.61	254	0	0	1	256	1	254	0	1245
121	232902	99.21	254	0	0	1	256	1	253	0	1228
121	269664	98.03	254	0	0	1	256	1	253	0	1201
122	90997	99.61	255	0	0	1	257	1	254	0	1242
122	260033	99.22	255	0	0	1	257	1	254	0	1233
122	328717	99.22	255	0	0	1	257	1	254	0	1233
122	411609	99.22	255	0	0	1	257	1	254	0	1233
123	281826	99.61	254	0	0	1	256	1	253	0	1237
123	251532	99.21	254	0	0	1	256	1	253	0	1228
123	281113	98.82	254	0	0	1	256	1	253	0	1219
123	396433	98.82	254	0	0	1	256	1	253	0	1219
124	237668	99.61	254	0	0	1	256	1	253	0	1237
124	354354	98.82	254	0	0	1	256	1	253	0	1219
124	286371	98.43	254	0	0	1	256	1	253	0	1210
124	209444	97.64	254	0	0	1	256	1	253	0	1192
125	90965	99.61	254	0	0	1	256	1	253	0	1237
125	210934	99.21	254	0	0	1	256	1	253	0	1228
125	227917	99.21	254	0	0	1	256	1	253	0	1228
125	260766	99.21	254	0	0	1	256	1	253	0	1228
126	222302	99.61	255	0	0	1	257	1	254	0	1242
126	236192	99.22	255	0	0	1	257	1	254	0	1233
126	287130	99.22	255	0	0	1	257	1	254	0	1233
126	281113	99.22	255	0	0	1	257	1	253	0	1225
127	221636	99.61	254	0	0	1	256	1	253	0	1237
127	168969	99.21	254	0	0	1	256	1	253	0	1228
127	268996	99.21	254	0	0	1	256	1	253	0	1228
127	312840	98.43	254	0	0	1	256	1	253	0	1210
128	209290	99.61	254	0	0	1	256	1	253	0	1237
128	281075	99.21	254	0	0	1	256	1	253	0	1228
128	291911	99.21	254	0	0	1	256	1	253	0	1228
128	397446	99.21	254	0	0	1	256	1	253	0	1228
129	235768	99.61	254	0	0	1	256	1	253	0	1237
129	231463	99.21	254	0	0	1	256	1	253	0	1228
129	293112	99.21	254	0	0	1	256	1	253	0	1228
129	319634	99.21	254	0	0	1	256	1	253	0	1228
130	229129	99.61	254	0	0	1	256	1	253	0	1237
130	207706	99.21	254	0	0	1	256	1	253	0	1228
130	356756	99.21	254	0	0	1	256	1	253	0	1228
130	282041	99.21	254	0	0	1	256	1	253	0	1228
131	235591	99.61	254	0	0	1	256	1	253	0	1237
131	217563	99.21	254	0	0	1	256	1	253	0	1228
131	206846	99.21	254	0	0	1	256	1	253	0	1228
131	323097	99.21	254	0	0	1	256	1	253	0	1228
132	212097	99.61	254	0	0	1	256	1	253	0	1237
132	93945	99.21	254	0	0	1	256	1	253	0	1228
132	236207	99.21	254	0	0	1	256	1	253	0	1228
132	293452	99.21	254	0	0	1	256	1	253	0	1228
133	94320	98.42	253	0	0	1	255	1	252	0	1205
133	139004	98.42	253	0	0	1	255	1	252	0	1205
133	211791	98.02	253	0	0	1	255	1	252	0	1196
133	296027	98.02	253	0	0	1	255	1	252	0	1196
134	161479	99.61	254	0	0	1	256	1	253	0	1237
134	319630	99.21	254	0	0	1	256	1	253	0	1228
134	358621	99.21	254	0	0	1	256	1	253	0	1228
134	423177	99.21	254	0	0	1	256	1	253	0	1228
135	87091	99.21	254	0	0	1	256	1	253	0	1228
135	218056	98.82	254	0	0	1	256	1	253	0	1219
135	290768	98.82	254	0	0	1	256	1	253	0	1219
135	121756	98.82	254	0	0	1	256	1	253	0	1219
136	210964	99.61	254	0	0	1	256	1	253	0	1237
136	245793	99.21	254	0	0	1	256	1	253	0	1228
136	230161	99.21	254	0	0	1	256	1	253	0	1228
136	231912	99.21	254	0	0	1	256	1	253	0	1228
137	89728	99.61	254	0	0	1	256	1	253	0	1237
137	264245	99.21	254	0	0	1	256	1	253	0	1228
137	309387	99.21	254	0	0	1	256	1	253	0	1228
137	231372	99.21	254	0	0	1	256	1	252	0	1220
138	218056	99.61	254	0	0	1	256	1	253	0	1237
138	449304	99.21	254	0	0	1	256	1	253	0	1228
138	87091	98.43	254	0	0	1	256	1	253	0	1210
138	207696	98.43	254	0	0	1	256	1	253	0	1210
139	77406	99.61	254	0	0	1	256	1	253	0	1237
139	378080	99.21	254	0	0	1	256	1	253	0	1230
139	93684	97.64	254	0	0	1	256	1	253	0	1192
139	306468	97.64	254	0	0	1	256	1	253	0	1192
140	236167	99.61	254	0	0	1	256	1	253	0	1237
140	218791	99.21	254	0	0	1	256	1	253	0	1228
140	238288	99.21	254	0	0	1	256	1	253	0	1228
140	239340	99.21	254	0	0	1	256	1	253	0	1228
141	115322	99.61	254	0	0	1	256	1	253	0	1237
141	90537	98.82	254	0	0	1	256	1	253	0	1219
141	393814	98.82	254	0	0	1	256	1	253	0	1219
141	277369	98.43	254	0	0	1	256	1	253	0	1210
142	220728	99.60	253	0	0	1	255	1	252	0	1232
142	72284	97.63	253	0	0	1	255	1	252	0	1187
142	39137	97.23	253	0	0	1	255	1	252	0	1178
142	50957	97.23	253	0	0	1	255	1	252	0	1178
143	279861	99.21	253	0	0	1	255	1	252	0	1223
143	213918	98.81	253	0	0	1	255	1	252	0	1214
143	305057	92.89	253	0	0	1	255	1	252	0	1079
143	125829	92.09	253	0	0	1	255	1	252	0	1061
144	71878	99.61	254	0	0	1	256	1	253	0	1237
144	104050	99.22	255	0	0	1	256	1	254	0	1225
144	287897	99.21	254	0	0	1	256	1	253	0	1228
144	293098	98.82	254	0	0	1	256	1	253	0	1219
145	206846	99.61	254	0	0	1	256	1	253	0	1237
145	221645	99.21	254	0	0	1	256	1	253	0	1228
145	235591	99.21	254	0	0	1	256	1	253	0	1228
145	323097	98.82	254	0	0	1	256	1	253	0	1219
146	581	99.61	254	0	0	1	256	1	253	0	1237
146	30617	99.21	254	0	0	1	256	1	253	0	1230
146	31965	99.21	254	0	0	1	256	1	253	0	1230
146	99796	99.21	254	0	0	1	256	1	253	0	1230
147	5102	99.61	254	0	0	1	256	1	253	0	1237
147	5410	98.82	254	0	0	1	256	1	253	0	1219
147	25943	98.82	254	0	0	1	256	1	253	0	1219
147	97458	98.43	254	0	0	1	256	1	253	0	1210
148	222241	99.60	253	0	0	1	255	1	252	0	1232
148	280091	98.02	253	0	0	1	255	1	252	0	1196
148	283386	97.64	254	0	0	1	255	1	253	0	1184
148	299555	97.23	253	0	0	1	255	1	252	0	1178
149	55641	99.60	253	0	0	1	255	1	252	0	1232
149	340818	99.21	253	0	0	1	255	1	252	0	1223
149	363356	99.21	253	0	0	1	255	1	252	0	1223
149	251831	99.21	253	0	0	1	255	1	252	0	1223
150	172882	99.61	254	0	0	1	256	1	253	0	1237
150	315811	99.22	255	0	0	1	256	1	254	0	1225
150	249977	99.21	254	0	0	1	256	1	253	0	1228
150	92374	99.21	254	0	0	1	256	1	253	0	1228
151	210278	99.61	254	0	0	1	256	1	253	0	1237
151	235953	99.21	254	0	0	1	256	1	253	0	1228
151	250443	98.82	254	0	0	1	256	1	253	0	1219
151	261261	98.82	254	0	0	1	256	1	253	0	1219
152	90321	99.61	254	0	0	1	256	1	253	0	1237
152	291028	99.21	254	0	0	1	256	1	253	0	1228
152	282379	98.43	254	0	0	1	256	1	253	0	1210
152	135756	98.43	254	0	0	1	256	1	253	0	1210
153	96699	99.61	254	0	0	1	256	1	253	0	1237
153	392044	98.82	254	0	0	1	256	1	253	0	1219
153	374595	98.43	254	0	0	1	256	1	253	0	1210
153	220950	97.24	254	0	0	1	256	1	253	0	1183
154	127276	99.21	254	0	0	1	256	1	253	0	1228
154	130707	98.82	254	0	0	1	256	1	253	0	1219
154	206581	98.82	254	0	0	1	256	1	253	0	1219
154	229331	98.82	254	0	0	1	256	1	253	0	1219
155	207228	99.61	254	0	0	1	256	1	253	0	1237
155	283809	99.21	254	0	0	1	256	1	253	0	1228
155	344104	99.21	254	0	0	1	256	1	253	0	1228
155	433229	99.21	254	0	0	1	256	1	253	0	1228
156	89319	99.61	254	0	0	1	256	1	253	0	1237
156	363420	99.21	254	0	0	1	256	1	253	0	1228
156	238274	99.21	254	0	0	1	256	1	252	0	1220
156	94379	98.43	254	0	0	1	256	1	253	0	1210
157	326842	99.61	254	0	0	1	256	1	253	0	1237
157	210964	99.21	254	0	0	1	256	1	253	0	1228
157	234975	98.82	254	0	0	1	256	1	253	0	1219
157	245793	98.82	254	0	0	1	256	1	253	0	1219
158	225866	99.61	254	0	0	1	256	1	253	0	1237
158	283063	99.22	255	0	0	1	256	1	254	0	1225
158	220639	99.21	254	0	0	1	256	1	253	0	1228
158	222254	99.21	254	0	0	1	256	1	253	0	1228
159	211798	99.61	254	0	0	1	256	1	253	0	1237
159	125815	98.43	254	0	0	1	256	1	253	0	1210
159	185161	98.03	254	0	0	1	256	1	253	0	1201
159	377714	97.64	254	0	0	1	256	1	253	0	1192
160	408323	99.61	254	0	0	1	256	1	253	0	1237
160	153435	96.85	254	0	0	1	256	1	252	0	1166
160	438092	95.28	254	0	0	1	256	1	253	0	1138
160	235617	95.28	254	0	0	1	256	1	253	0	1138
161	120829	99.21	254	0	0	1	256	1	253	0	1228
161	265179	99.21	254	0	0	1	256	1	253	0	1228
161	275871	99.21	254	0	0	1	256	1	253	0	1228
161	294073	99.21	254	0	0	1	256	1	253	0	1228
162	72397	99.21	254	0	0	1	256	1	253	0	1228
162	261242	98.82	254	0	0	1	256	1	253	0	1219
162	279978	98.82	254	0	0	1	256	1	253	0	1219
162	234389	98.82	254	0	0	1	256	1	253	0	1219
163	130183	99.61	254	0	0	1	256	1	253	0	1237
163	309604	99.21	254	0	0	1	256	1	253	0	1228
163	83	99.21	254	0	0	1	256	1	253	0	1228
163	261209	99.21	254	0	0	1	256	1	253	0	1228
164	433086	99.21	254	0	0	1	256	1	253	0	1228
164	441689	98.82	254	0	0	1	256	1	253	0	1219
164	44242	94.49	254	0	0	1	256	1	253	0	1120
164	262943	94.09	254	0	0	1	256	1	253	0	1111
165	234380	99.61	254	0	0	1	256	1	253	0	1237
165	257498	99.21	254	0	0	1	256	1	253	0	1228
165	261236	99.21	254	0	0	1	256	1	253	0	1228
165	262167	99.21	254	0	0	1	256	1	253	0	1228
166	417409	99.61	254	0	0	1	256	1	253	0	1237
166	89381	99.21	254	0	0	1	256	1	253	0	1228
166	160623	98.82	254	0	0	1	256	1	253	0	1219
166	74775	98.82	254	0	0	1	256	1	253	0	1219
167	131493	99.61	254	0	0	1	256	1	253	0	1237
167	371339	99.21	254	0	0	1	256	1	253	0	1228
167	160160	98.82	254	0	0	1	256	1	253	0	1219
167	83645	98.82	254	0	0	1	256	1	253	0	1219
168	438081	99.61	254	0	0	1	256	1	253	0	1237
168	231765	98.82	254	0	0	1	256	1	253	0	1219
168	406275	98.43	254	0	0	1	256	1	253	0	1210
168	228040	98.43	254	0	0	1	256	1	253	0	1210
169	448683	99.21	254	0	0	1	256	1	253	0	1228
169	238785	98.82	254	0	0	1	256	1	253	0	1219
169	305061	98.82	254	0	0	1	256	1	253	0	1219
169	42428	98.43	254	0	0	1	256	1	253	0	1210
170	70016	99.61	254	0	0	1	256	1	253	0	1237
170	299175	99.22	255	0	0	1	256	1	254	0	1225
170	218851	99.21	254	0	0	1	256	1	253	0	1228
170	115320	98.03	254	0	0	1	256	1	253	0	1201
171	87486	99.61	254	0	0	1	256	1	253	0	1237
171	220641	99.21	254	0	0	1	256	1	253	0	1228
171	139949	99.21	254	0	0	1	256	1	253	0	1228
171	92353	98.82	255	0	0	1	256	1	254	0	1216
172	245790	99.61	254	0	0	1	256	1	253	0	1237
172	324062	98.43	254	0	0	1	256	1	253	0	1210
172	198580	98.43	254	0	0	1	256	1	253	0	1210
172	273601	98.03	254	0	0	1	256	1	253	0	1201
173	100562	99.61	254	0	0	1	256	1	253	0	1237
173	265197	98.82	254	0	0	1	256	1	253	0	1219
173	62801	98.82	254	0	0	1	256	1	251	0	1203
173	270908	98.43	254	0	0	1	256	1	253	0	1210
174	121967	99.61	254	0	0	1	256	1	253	0	1237
174	220743	99.21	254	0	0	1	256	1	253	0	1228
174	281269	99.21	254	0	0	1	256	1	253	0	1228
174	292771	99.21	254	0	0	1	256	1	253	0	1228
175	89252	98.82	254	0	0	1	256	1	253	0	1219
175	174525	98.82	254	0	0	1	256	1	252	0	1211
175	228442	98.05	257	0	0	1	256	1	256	0	1200
175	338505	96.06	254	0	0	1	256	1	253	0	1156
176	240539	99.61	254	0	0	1	256	1	253	0	1237
176	260038	99.21	254	0	0	1	256	1	253	0	1228
176	296981	92.91	254	0	0	1	256	1	253	0	1084
176	61174	92.91	254	0	0	1	256	1	253	0	1084
177	224697	99.61	254	0	0	1	256	1	253	0	1237
177	245441	99.21	254	0	0	1	256	1	253	0	1228
177	277735	99.21	254	0	0	1	256	1	253	0	1228
177	292700	99.21	254	0	0	1	256	1	253	0	1228
178	120172	98.03	254	0	0	1	256	1	253	0	1201
178	143592	96.06	254	0	0	1	256	1	253	0	1156
178	84110	95.67	254	0	0	1	256	1	253	0	1147
178	265630	95.67	254	0	0	1	256	1	253	0	1147
179	172712	99.61	254	0	0	1	256	1	253	0	1237
179	157990	99.21	254	0	0	1	256	1	253	0	1228
179	406265	99.21	254	0	0	1	256	1	253	0	1228
179	393814	98.82	254	0	0	1	256	1	253	0	1219
180	180158	99.60	253	0	0	1	255	1	252	0	1232
180	427709	99.21	253	0	0	1	255	1	252	0	1223
180	283841	99.21	253	0	0	1	255	1	252	0	1223
180	142057	98.81	253	0	0	1	255	1	252	0	1214
181	207216	99.61	254	0	0	1	256	1	253	0	1237
181	308348	99.21	254	0	0	1	256	1	253	0	1228
181	311078	99.21	254	0	0	1	256	1	253	0	1228
181	370173	99.21	254	0	0	1	256	1	253	0	1228
182	230075	99.61	254	0	0	1	256	1	253	0	1237
182	227913	99.21	254	0	0	1	256	1	253	0	1228
182	230165	99.21	254	0	0	1	256	1	253	0	1228
182	326749	99.21	254	0	0	1	256	1	253	0	1228
183	226121	99.21	254	0	0	1	255	1	253	0	1220
183	268929	98.42	253	0	0	1	255	1	252	0	1205
183	315770	97.23	253	0	0	1	255	1	252	0	1178
183	107913	94.86	253	0	0	1	255	1	252	0	1124
184	231792	99.61	254	0	0	1	256	1	253	0	1237
184	225882	99.21	254	0	0	1	256	1	253	0	1228
184	238460	99.21	254	0	0	1	256	1	253	0	1228
184	247122	99.21	254	0	0	1	256	1	253	0	1228
185	76749	99.61	254	0	0	1	256	1	253	0	1237
185	342100	99.21	254	0	0	1	256	1	253	0	1228
185	393197	99.21	254	0	0	1	256	1	253	0	1228
185	447490	99.21	254	0	0	1	256	1	253	0	1228
186	430207	99.61	254	0	0	1	256	1	253	0	1237
186	217605	99.21	254	0	0	1	256	1	253	0	1228
186	409785	98.82	254	0	0	1	256	1	253	0	1219
186	240258	98.82	254	0	0	1	256	1	253	0	1219
187	248888	99.61	254	0	0	1	256	1	253	0	1237
187	324658	99.21	254	0	0	1	256	1	253	0	1228
187	153198	99.21	254	0	0	1	256	1	252	0	1220
187	229860	95.67	254	0	0	1	256	1	253	0	1147
188	40121	99.60	253	0	0	1	255	1	252	0	1232
188	231360	99.21	253	0	0	1	255	1	252	0	1223
188	288848	99.21	253	0	0	1	255	1	252	0	1223
188	301421	99.21	253	0	0	1	255	1	252	0	1223
189	29233	99.61	254	0	0	1	256	1	253	0	1237
189	116509	99.21	254	0	0	1	256	1	253	0	1228
189	131504	99.21	254	0	0	1	256	1	253	0	1228
189	1853	99.21	254	0	0	1	256	1	253	0	1228
190	136291	99.61	254	0	0	1	256	1	253	0	1237
190	171315	98.82	254	0	0	1	256	1	253	0	1219
190	88555	98.03	254	0	0	1	256	1	253	0	1201
190	218379	97.64	254	0	0	1	256	1	253	0	1192
191	20812	99.61	254	0	0	1	256	1	253	0	1237
191	221812	99.21	254	0	0	1	256	1	253	0	1228
191	290378	99.21	254	0	0	1	256	1	253	0	1228
191	308352	99.21	254	0	0	1	256	1	253	0	1228
192	89275	99.61	254	0	0	1	256	1	253	0	1237
192	246925	99.21	254	0	0	1	256	1	253	0	1228
192	375935	99.21	254	0	0	1	256	1	253	0	1228
192	339316	98.82	255	0	0	1	256	1	254	0	1216
193	433229	99.61	254	0	0	1	256	1	253	0	1237
193	207228	99.21	254	0	0	1	256	1	253	0	1228
193	210261	99.21	254	0	0	1	256	1	253	0	1228
193	226851	98.82	254	0	0	1	256	1	253	0	1219
194	258	99.60	253	0	0	1	255	1	252	0	1232
194	224030	99.21	253	0	0	1	255	1	252	0	1223
194	12920	99.21	253	0	0	1	255	1	252	0	1223
194	215123	99.21	253	0	0	1	255	1	252	0	1223
195	311645	96.88	256	0	0	1	258	1	255	0	1184
195	92649	96.09	256	0	0	1	258	1	255	0	1166
195	257272	94.92	256	0	0	1	258	1	255	0	1139
195	278977	94.14	256	0	0	1	258	1	255	0	1121
196	121798	99.60	253	0	0	1	255	1	252	0	1232
196	292860	98.81	253	0	0	1	255	1	252	0	1214
196	150526	98.42	253	0	0	1	255	1	252	0	1205
196	370154	97.63	253	0	0	1	255	1	252	0	1187
197	75265	99.61	254	0	0	1	256	1	253	0	1237
197	218191	99.21	254	0	0	1	256	1	253	0	1228
197	304215	99.21	254	0	0	1	256	1	253	0	1228
197	356279	99.21	254	0	0	1	256	1	253	0	1228
198	89252	99.21	254	0	0	1	256	1	253	0	1228
198	228442	98.44	257	0	0	1	256	1	256	0	1209
198	174525	98.43	254	0	0	1	256	1	252	0	1202
198	338505	96.06	254	0	0	1	256	1	253	0	1156
199	424709	99.61	254	0	0	1	256	1	253	0	1237
199	293555	97.24	254	0	0	1	256	1	253	0	1183
199	269944	96.46	254	0	0	1	256	1	253	0	1165
199	447327	96.46	254	0	0	1	256	1	253	0	1165
200	220077	99.61	254	0	0	1	256	1	253	0	1237
200	319228	99.21	254	0	0	1	256	1	253	0	1228
200	302238	99.21	254	0	0	1	256	1	253	0	1228
200	210245	98.03	254	0	0	1	256	1	253	0	1201
201	240543	99.61	254	0	0	1	256	1	253	0	1237
201	210241	98.82	254	0	0	1	256	1	253	0	1219
201	94851	98.82	254	0	0	1	256	1	253	0	1219
201	238409	98.82	254	0	0	1	256	1	253	0	1219
202	269669	99.60	253	0	0	1	255	1	252	0	1232
202	215712	99.21	254	0	0	1	255	1	253	0	1220
202	310462	99.21	253	0	0	1	255	1	252	0	1223
202	93523	94.07	253	0	0	1	255	1	252	0	1106
203	87673	99.61	254	0	0	1	256	1	253	0	1237
203	88871	99.21	254	0	0	1	256	1	253	0	1228
203	87300	98.82	254	0	0	1	256	1	253	0	1219
203	89027	98.43	254	0	0	1	256	1	253	0	1210
204	251707	96.11	257	0	0	1	256	1	257	0	1155
204	408323	94.49	254	0	0	1	256	1	253	0	1120
204	28701	94.09	254	0	0	1	256	1	253	0	1111
204	120013	94.09	254	0	0	1	256	1	253	0	1111
205	3986	99.21	254	0	0	1	256	1	253	0	1228
205	3553	98.82	254	0	0	1	256	1	253	0	1219
205	201824	98.82	254	0	0	1	256	1	253	0	1219
205	310292	98.82	254	0	0	1	256	1	253	0	1219
206	79026	99.61	254	0	0	1	256	1	253	0	1237
206	80624	99.21	254	0	0	1	256	1	253	0	1228
206	438295	99.21	254	0	0	1	256	1	253	0	1228
206	302130	98.83	256	0	0	1	256	1	255	0	1213
207	89472	94.47	253	0	0	1	255	1	252	0	1115
207	283849	94.07	253	0	0	1	255	1	252	0	1106
207	80018	91.30	253	0	0	1	255	1	252	0	1043
207	232458	91.30	253	0	0	1	255	1	252	0	1043
208	217563	99.61	254	0	0	1	256	1	253	0	1237
208	288996	99.21	254	0	0	1	256	1	253	0	1228
208	235591	99.21	254	0	0	1	256	1	253	0	1228
208	206846	98.82	254	0	0	1	256	1	253	0	1219
209	153438	99.61	254	0	0	1	256	1	253	0	1237
209	312472	99.21	254	0	0	1	256	1	253	0	1228
209	265499	98.82	254	0	0	1	256	1	253	0	1219
209	326283	98.43	254	0	0	1	256	1	253	0	1210
210	203530	99.61	254	0	0	1	256	1	253	0	1237
210	90015	99.21	254	0	0	1	256	1	253	0	1228
210	236800	98.82	254	0	0	1	256	1	253	0	1219
210	435870	98.82	254	0	0	1	256	1	253	0	1219
211	120829	98.43	254	0	0	1	256	1	253	0	1210
211	265179	98.43	254	0	0	1	256	1	253	0	1210
211	275871	98.43	254	0	0	1	256	1	253	0	1210
211	294073	98.43	254	0	0	1	256	1	253	0	1210
212	292947	99.60	253	0	0	1	255	1	252	0	1232
212	380927	99.21	253	0	0	1	255	1	252	0	1223
212	249497	97.63	253	0	0	1	255	1	252	0	1187
212	256922	97.63	253	0	0	1	255	1	252	0	1187
213	161027	99.61	254	0	0	1	256	1	253	0	1237
213	368807	98.82	254	0	0	1	256	1	253	0	1219
213	252639	98.82	254	0	0	1	256	1	253	0	1219
213	213311	97.24	254	0	0	1	256	1	253	0	1183
214	88931	99.61	254	0	0	1	256	1	253	0	1237
214	209714	98.43	254	0	0	1	256	1	253	0	1210
214	209320	98.03	254	0	0	1	256	1	253	0	1201
214	227516	98.03	254	0	0	1	256	1	253	0	1201
215	72734	99.61	254	0	0	1	256	1	253	0	1237
215	260909	98.82	254	0	0	1	256	1	253	0	1219
215	445718	98.82	254	0	0	1	256	1	253	0	1219
215	247057	98.82	254	0	0	1	256	1	253	0	1219
216	90997	99.22	255	0	0	1	257	1	254	0	1233
216	260033	98.82	255	0	0	1	257	1	254	0	1224
216	328717	98.82	255	0	0	1	257	1	254	0	1224
216	411609	98.82	255	0	0	1	257	1	254	0	1224
217	7959	99.60	253	0	0	1	255	1	252	0	1232
217	176971	99.21	253	0	0	1	255	1	252	0	1225
217	289464	99.21	253	0	0	1	255	1	252	0	1223
217	320726	99.21	253	0	0	1	255	1	252	0	1223
218	44562	98.02	253	0	0	1	255	1	252	0	1196
218	300412	97.63	253	0	0	1	255	1	252	0	1187
218	93831	97.23	253	0	0	1	255	1	252	0	1178
218	216808	97.23	253	0	0	1	255	1	252	0	1178
219	44562	99.60	253	0	0	1	255	1	252	0	1232
219	300412	99.21	253	0	0	1	255	1	252	0	1223
219	93831	98.81	253	0	0	1	255	1	252	0	1214
219	216808	98.81	253	0	0	1	255	1	252	0	1214
220	252241	99.61	254	0	0	1	256	1	253	0	1237
220	90372	99.22	255	0	0	1	256	1	254	0	1225
220	248851	99.21	254	0	0	1	256	1	253	0	1228
220	247135	98.82	254	0	0	1	256	1	253	0	1219
221	193990	99.61	254	0	0	1	256	1	253	0	1237
221	163637	99.21	254	0	0	1	256	1	253	0	1228
221	252741	99.21	254	0	0	1	256	1	253	0	1228
221	304747	99.21	254	0	0	1	256	1	253	0	1228
222	1853	99.61	254	0	0	1	256	1	253	0	1237
222	2002	99.21	254	0	0	1	256	1	253	0	1228
222	2137	99.21	254	0	0	1	256	1	253	0	1228
222	3432	99.21	254	0	0	1	256	1	253	0	1228
223	212128	99.21	254	0	0	1	256	1	253	0	1228
223	248983	98.82	254	0	0	1	256	1	253	0	1219
223	312440	98.82	254	0	0	1	256	1	253	0	1219
223	241352	98.82	254	0	0	1	256	1	253	0	1219
224	212100	99.61	254	0	0	1	256	1	253	0	1237
224	238433	99.21	254	0	0	1	256	1	253	0	1228
224	306722	96.85	254	0	0	1	256	1	253	0	1174
224	246080	96.46	254	0	0	1	256	1	253	0	1165
225	120013	94.88	254	0	0	1	256	1	253	0	1129
225	380050	94.09	254	0	0	1	256	1	253	0	1111
225	345251	92.94	255	0	0	1	256	1	254	0	1081
225	28701	92.13	254	0	0	1	256	1	253	0	1066
226	391476	99.61	254	0	0	1	256	1	253	0	1237
226	121693	98.03	254	0	0	1	256	1	253	0	1201
226	447345	97.64	254	0	0	1	256	1	253	0	1194
226	444265	97.64	254	0	0	1	256	1	253	0	1192
227	72284	99.21	253	0	0	1	255	1	252	0	1223
227	50957	98.02	253	0	0	1	255	1	252	0	1196
227	220728	98.02	253	0	0	1	255	1	252	0	1196
227	196915	98.02	253	0	0	1	255	1	252	0	1196
228	393834	98.03	254	0	0	1	256	1	253	0	1201
228	249987	97.64	254	0	0	1	256	1	253	0	1192
228	429124	96.06	254	0	0	1	256	1	253	0	1156
228	125815	95.67	254	0	0	1	256	1	253	0	1147
229	241085	98.82	254	0	0	1	256	1	253	0	1219
229	278976	98.43	254	0	0	1	256	1	253	0	1210
229	299972	98.43	254	0	0	1	256	1	253	0	1210
229	123698	98.43	254	0	0	1	256	1	253	0	1210
230	125815	98.43	254	0	0	1	256	1	253	0	1210
230	185161	98.03	254	0	0	1	256	1	253	0	1201
230	235991	97.24	254	0	0	1	256	1	253	0	1183
230	211798	97.24	254	0	0	1	256	1	253	0	1183
231	348910	98.42	253	0	0	1	255	1	252	0	1205
231	75259	96.05	253	0	0	1	255	1	252	0	1151
231	214583	96.05	253	0	0	1	255	1	252	0	1151
231	196647	95.65	253	0	0	1	255	1	252	0	1142
232	121586	97.23	253	0	0	1	255	1	252	0	1178
232	125251	96.84	253	0	0	1	255	1	252	0	1169
232	72717	96.84	253	0	0	1	255	1	252	0	1169
232	222111	95.65	253	0	0	1	255	1	252	0	1142
