1	117062	100.00	252	0	0	1	252	1	252	0	1260
1	300729	99.60	252	0	0	1	252	1	252	0	1253
1	251676	99.60	252	0	0	1	252	1	252	0	1251
1	136392	99.60	252	0	0	1	252	1	252	0	1251
2	227835	100.00	252	0	0	1	252	1	252	0	1260
2	320094	99.60	252	0	0	1	252	1	252	0	1251
2	324549	99.60	252	0	0	1	252	1	252	0	1251
2	311063	99.21	252	0	0	1	252	1	252	0	1242
3	121768	100.00	252	0	0	1	252	1	252	0	1260
3	221633	99.60	252	0	0	1	252	1	252	0	1251
3	304890	99.60	252	0	0	1	252	1	252	0	1251
3	121741	99.60	252	0	0	1	252	1	252	0	1251
4	156630	100.00	252	0	0	1	252	1	252	0	1260
4	302206	99.60	252	0	0	1	252	1	252	0	1251
4	213556	99.60	252	0	0	1	252	1	252	0	1251
4	257943	99.60	252	0	0	1	252	1	252	0	1251
5	36989	100.00	253	0	0	1	253	1	253	0	1265
5	10152	99.60	253	0	0	1	253	1	253	0	1256
5	7143	99.60	253	0	0	1	253	1	253	0	1256
5	59995	99.60	253	0	0	1	253	1	253	0	1256
6	117078	100.00	252	0	0	1	252	1	252	0	1260
6	131524	99.60	252	0	0	1	252	1	252	0	1251
6	225585	99.60	252	0	0	1	252	1	252	0	1251
6	435625	99.60	252	0	0	1	252	1	252	0	1251
7	117084	100.00	252	0	0	1	252	1	252	0	1260
7	148048	99.60	252	0	0	1	252	1	252	0	1251
7	294048	99.60	252	0	0	1	252	1	252	0	1251
7	237675	99.60	252	0	0	1	252	1	252	0	1251
8	163505	99.60	253	0	0	1	253	1	253	0	1256
8	302189	98.81	253	0	0	1	253	1	253	0	1238
8	304545	98.43	255	0	0	1	253	1	255	0	1223
8	160700	98.42	253	0	0	1	253	1	252	0	1221
9	214725	99.60	252	0	0	1	252	1	252	0	1251
9	302219	99.60	252	0	0	1	252	1	252	0	1251
9	117620	99.21	252	0	0	1	252	1	252	0	1242
9	153200	99.21	252	0	0	1	252	1	252	0	1242
10	202619	100.00	252	0	0	1	252	1	252	0	1260
10	234400	97.22	252	0	0	1	252	1	252	0	1197
10	173999	97.22	252	0	0	1	252	1	252	0	1197
10	122803	96.83	252	0	0	1	252	1	252	0	1188
11	4896	100.00	253	0	0	1	253	1	253	0	1265
11	129582	99.60	253	0	0	1	253	1	253	0	1258
11	354483	99.60	253	0	0	1	253	1	253	0	1256
11	258777	99.60	253	0	0	1	253	1	253	0	1256
12	131524	100.00	252	0	0	1	252	1	252	0	1260
12	281262	99.60	252	0	0	1	252	1	252	0	1251
12	201715	99.60	252	0	0	1	252	1	252	0	1251
12	207227	99.60	252	0	0	1	252	1	252	0	1251
13	16538	100.00	253	0	0	1	253	1	253	0	1265
13	344151	99.60	253	0	0	1	253	1	253	0	1256
13	153673	99.60	253	0	0	1	253	1	253	0	1256
13	239324	99.60	253	0	0	1	253	1	253	0	1256
14	148048	100.00	252	0	0	1	252	1	252	0	1260
14	175398	99.60	252	0	0	1	252	1	252	0	1251
14	117084	99.60	252	0	0	1	252	1	252	0	1251
14	156813	99.60	252	0	0	1	252	1	252	0	1251
15	90966	100.00	253	0	0	1	253	1	253	0	1265
15	385302	99.60	253	0	0	1	253	1	253	0	1256
15	223182	99.60	253	0	0	1	253	1	253	0	1256
15	232461	99.60	253	0	0	1	253	1	253	0	1256
16	98242	100.00	253	0	0	1	253	1	253	0	1265
16	360981	99.60	253	0	0	1	253	1	253	0	1256
16	368295	99.60	253	0	0	1	253	1	253	0	1256
16	357002	99.60	253	0	0	1	253	1	253	0	1256
17	253417	100.00	252	0	0	1	252	1	252	0	1260
17	359944	99.60	252	0	0	1	252	1	252	0	1251
17	359934	99.60	252	0	0	1	252	1	252	0	1251
17	375060	99.60	252	0	0	1	252	1	252	0	1251
18	124227	100.00	252	0	0	1	252	1	252	0	1260
18	218077	99.60	252	0	0	1	252	1	252	0	1251
18	246942	99.60	252	0	0	1	252	1	252	0	1251
18	161364	99.60	252	0	0	1	252	1	252	0	1251
19	440943	100.00	252	0	0	1	252	1	252	0	1260
19	150633	94.84	252	0	0	1	252	1	252	0	1143
19	257626	94.44	252	0	0	1	252	1	252	0	1134
19	428300	94.44	252	0	0	1	252	1	252	0	1134
20	288907	100.00	252	0	0	1	252	1	252	0	1260
20	363374	99.60	252	0	0	1	252	1	252	0	1251
20	363213	99.60	252	0	0	1	252	1	252	0	1251
20	234989	99.60	252	0	0	1	252	1	252	0	1251
21	3238	100.00	253	0	0	1	253	1	253	0	1265
21	266847	99.60	253	0	0	1	253	1	253	0	1256
21	229675	99.60	253	0	0	1	253	1	253	0	1256
21	130095	99.60	253	0	0	1	253	1	253	0	1256
22	219745	100.00	253	0	0	1	253	1	253	0	1265
22	375049	99.60	253	0	0	1	253	1	253	0	1256
22	286321	99.60	253	0	0	1	253	1	253	0	1256
22	359910	99.60	253	0	0	1	253	1	253	0	1256
23	142056	100.00	253	0	0	1	253	1	253	0	1265
23	254009	99.60	253	0	0	1	253	1	253	0	1256
23	70104	99.60	253	0	0	1	253	1	253	0	1256
23	407938	98.81	253	0	0	1	253	1	253	0	1238
24	206640	100.00	253	0	0	1	253	1	253	0	1265
24	392535	99.60	253	0	0	1	253	1	253	0	1256
24	215633	99.21	253	0	0	1	253	1	253	0	1247
24	332434	98.81	253	0	0	1	253	1	253	0	1238
25	71501	100.00	253	0	0	1	253	1	253	0	1265
25	128752	99.60	253	0	0	1	253	1	253	0	1256
25	252861	99.21	253	0	0	1	253	1	253	0	1247
25	317937	99.21	253	0	0	1	253	1	253	0	1247
26	209437	100.00	253	0	0	1	253	1	253	0	1265
26	89653	99.60	253	0	0	1	253	1	253	0	1256
26	245145	99.60	253	0	0	1	253	1	253	0	1256
26	369174	98.42	253	0	0	1	253	1	253	0	1229
27	82690	100.00	253	0	0	1	253	1	253	0	1265
27	262321	99.60	253	0	0	1	253	1	253	0	1256
27	226868	99.60	253	0	0	1	253	1	253	0	1256
27	141707	99.60	253	0	0	1	253	1	253	0	1256
28	89132	100.00	253	0	0	1	253	1	253	0	1265
28	150529	99.60	253	0	0	1	253	1	253	0	1256
28	244898	99.60	253	0	0	1	253	1	253	0	1256
28	226818	99.60	253	0	0	1	253	1	253	0	1256
29	127276	100.00	253	0	0	1	253	1	253	0	1265
29	206581	99.60	253	0	0	1	253	1	253	0	1256
29	130707	99.60	253	0	0	1	253	1	253	0	1256
29	260047	99.60	253	0	0	1	253	1	253	0	1256
30	264396	100.00	253	0	0	1	253	1	253	0	1265
30	213285	99.60	253	0	0	1	253	1	253	0	1256
30	100564	99.60	253	0	0	1	253	1	253	0	1256
30	393837	99.60	253	0	0	1	253	1	253	0	1256
31	206640	99.60	253	0	0	1	253	1	253	0	1256
31	392535	99.21	253	0	0	1	253	1	253	0	1247
31	332434	98.81	253	0	0	1	253	1	253	0	1238
31	250761	98.81	253	0	0	1	253	1	253	0	1238
32	207705	100.00	254	0	0	1	254	1	254	0	1270
32	236786	99.61	254	0	0	1	254	1	254	0	1261
32	284118	99.61	254	0	0	1	254	1	254	0	1261
32	159758	99.61	254	0	0	1	254	1	254	0	1261
33	207220	100.00	253	0	0	1	253	1	253	0	1265
33	262322	99.60	253	0	0	1	253	1	253	0	1256
33	229082	99.60	253	0	0	1	253	1	253	0	1256
33	252929	99.60	253	0	0	1	253	1	253	0	1256
34	527	100.00	253	0	0	1	253	1	253	0	1265
34	15533	99.60	253	0	0	1	253	1	253	0	1261
34	34349	99.60	253	0	0	1	253	1	253	0	1261
34	242711	99.60	253	0	0	1	253	1	253	0	1261
35	92494	100.00	253	0	0	1	253	1	253	0	1265
35	433442	99.60	253	0	0	1	253	1	253	0	1256
35	445995	98.82	254	0	0	1	253	1	254	0	1235
35	70248	96.84	253	0	0	1	253	1	253	0	1193
36	72397	100.00	253	0	0	1	253	1	253	0	1265
36	234389	99.60	253	0	0	1	253	1	253	0	1256
36	279978	99.60	253	0	0	1	253	1	253	0	1256
36	290454	99.60	253	0	0	1	253	1	253	0	1256
37	162978	100.00	253	0	0	1	253	1	253	0	1265
37	207722	99.60	253	0	0	1	253	1	253	0	1256
37	289038	99.60	253	0	0	1	253	1	253	0	1256
37	336639	99.60	253	0	0	1	253	1	253	0	1256
38	163631	100.00	253	0	0	1	253	1	253	0	1265
38	174526	99.60	253	0	0	1	253	1	253	0	1256
38	153226	99.60	253	0	0	1	253	1	253	0	1256
38	150940	99.60	253	0	0	1	253	1	253	0	1256
39	92244	100.00	253	0	0	1	253	1	253	0	1265
39	253227	99.60	253	0	0	1	253	1	253	0	1256
39	326458	99.60	253	0	0	1	253	1	253	0	1256
39	220716	99.60	253	0	0	1	253	1	253	0	1256
40	119301	100.00	253	0	0	1	253	1	253	0	1265
40	286613	99.60	253	0	0	1	253	1	253	0	1256
40	249184	99.60	253	0	0	1	253	1	253	0	1256
40	90196	99.60	253	0	0	1	253	1	253	0	1256
41	198152	100.00	253	0	0	1	253	1	253	0	1265
41	319173	99.60	253	0	0	1	253	1	253	0	1256
41	214978	99.60	253	0	0	1	253	1	253	0	1256
41	304878	99.60	253	0	0	1	253	1	253	0	1256
42	175917	100.00	253	0	0	1	253	1	253	0	1265
42	161190	99.60	253	0	0	1	253	1	253	0	1256
42	221217	99.60	253	0	0	1	253	1	253	0	1256
42	235677	99.60	253	0	0	1	253	1	253	0	1256
43	433445	99.60	253	0	0	1	253	1	253	0	1256
43	266409	99.21	253	0	0	1	253	1	253	0	1247
43	371342	98.42	253	0	0	1	253	1	253	0	1229
43	238325	98.02	253	0	0	1	253	1	253	0	1220
44	6336	100.00	253	0	0	1	253	1	253	0	1265
44	150149	99.60	253	0	0	1	253	1	253	0	1256
44	20444	99.60	253	0	0	1	253	1	253	0	1258
44	249861	99.60	253	0	0	1	253	1	253	0	1256
45	90965	97.23	253	0	0	1	253	1	253	0	1202
45	266377	96.84	253	0	0	1	253	1	253	0	1193
45	210934	96.84	253	0	0	1	253	1	253	0	1193
45	298843	96.84	253	0	0	1	253	1	253	0	1193
46	209289	100.00	253	0	0	1	253	1	253	0	1265
46	323894	99.60	253	0	0	1	253	1	253	0	1256
46	291955	99.60	253	0	0	1	253	1	253	0	1256
46	277689	99.60	253	0	0	1	253	1	253	0	1256
47	52	100.00	253	0	0	1	253	1	253	0	1265
47	24544	99.60	253	0	0	1	253	1	253	0	1261
47	170605	99.60	253	0	0	1	253	1	253	0	1256
47	83292	99.60	253	0	0	1	253	1	253	0	1261
48	89717	100.00	253	0	0	1	253	1	253	0	1265
48	288877	99.60	253	0	0	1	253	1	253	0	1256
48	221650	99.60	253	0	0	1	253	1	253	0	1256
48	157003	99.60	253	0	0	1	253	1	253	0	1256
49	135202	100.00	253	0	0	1	253	1	253	0	1265
49	187997	99.60	253	0	0	1	253	1	253	0	1256
49	290116	99.60	253	0	0	1	253	1	253	0	1256
49	234422	99.60	253	0	0	1	253	1	253	0	1256
50	97265	100.00	253	0	0	1	253	1	253	0	1265
50	220674	99.60	253	0	0	1	253	1	253	0	1256
50	163099	99.60	253	0	0	1	253	1	253	0	1256
50	254655	99.60	253	0	0	1	253	1	253	0	1256
51	175905	100.00	253	0	0	1	253	1	253	0	1265
51	160702	99.60	253	0	0	1	253	1	253	0	1256
51	160167	99.60	253	0	0	1	253	1	253	0	1256
51	356308	99.21	253	0	0	1	253	1	253	0	1247
52	87091	100.00	253	0	0	1	253	1	253	0	1265
52	308713	99.60	253	0	0	1	253	1	253	0	1256
52	290768	99.60	253	0	0	1	253	1	253	0	1256
52	368765	99.60	253	0	0	1	253	1	253	0	1256
53	5223	100.00	254	0	0	1	254	1	254	0	1270
53	109200	99.61	254	0	0	1	254	1	254	0	1266
53	390690	99.61	254	0	0	1	254	1	254	0	1261
53	112525	98.43	254	0	0	1	254	1	254	0	1254
54	156653	100.00	252	0	0	1	252	1	252	0	1260
54	170118	99.60	252	0	0	1	252	1	252	0	1251
54	92261	99.60	252	0	0	1	252	1	252	0	1251
54	355219	99.21	252	0	0	1	252	1	252	0	1242
55	417411	100.00	253	0	0	1	253	1	253	0	1265
55	300203	99.21	253	0	0	1	253	1	253	0	1247
55	230111	98.81	253	0	0	1	253	1	253	0	1238
55	339929	98.81	253	0	0	1	253	1	253	0	1238
56	88121	100.00	253	0	0	1	253	1	253	0	1265
56	265435	99.61	254	0	0	1	253	1	254	0	1253
56	119520	99.60	253	0	0	1	253	1	253	0	1256
56	222265	98.81	253	0	0	1	253	1	253	0	1238
57	122798	100.00	253	0	0	1	253	1	253	0	1265
57	297866	99.60	253	0	0	1	253	1	253	0	1256
57	326490	99.60	253	0	0	1	253	1	253	0	1256
57	243695	99.60	253	0	0	1	253	1	253	0	1256
58	2872	100.00	253	0	0	1	253	1	253	0	1265
58	2967	99.60	253	0	0	1	253	1	253	0	1258
58	414454	99.60	253	0	0	1	253	1	253	0	1256
58	85147	99.60	253	0	0	1	253	1	253	0	1256
59	89181	100.00	253	0	0	1	253	1	253	0	1265
59	323226	99.60	253	0	0	1	253	1	253	0	1256
59	342116	99.60	253	0	0	1	253	1	253	0	1256
59	291928	99.60	253	0	0	1	253	1	253	0	1256
60	119312	100.00	252	0	0	1	252	1	252	0	1260
60	406585	99.60	252	0	0	1	252	1	252	0	1251
60	159528	99.60	252	0	0	1	252	1	252	0	1251
60	324660	98.81	252	0	0	1	252	1	252	0	1233
61	127854	99.60	252	0	0	1	252	1	252	0	1251
61	445393	99.21	252	0	0	1	252	1	252	0	1242
61	53158	95.24	252	0	0	1	252	1	252	0	1152
61	219043	94.44	252	0	0	1	252	1	252	0	1134
62	1354	100.00	253	0	0	1	253	1	253	0	1265
62	140977	99.60	253	0	0	1	253	1	253	0	1256
62	9899	99.60	253	0	0	1	253	1	253	0	1256
62	16435	99.60	253	0	0	1	253	1	253	0	1256
63	92192	100.00	253	0	0	1	253	1	253	0	1265
63	89363	99.21	253	0	0	1	253	1	253	0	1247
63	308138	98.81	253	0	0	1	253	1	253	0	1238
63	293024	98.81	253	0	0	1	253	1	253	0	1238
64	21306	100.00	253	0	0	1	253	1	253	0	1265
64	281326	99.60	253	0	0	1	253	1	253	0	1256
64	281213	99.60	253	0	0	1	253	1	253	0	1256
64	89899	99.60	253	0	0	1	253	1	253	0	1256
65	1217	100.00	253	0	0	1	253	1	253	0	1265
65	280058	99.60	253	0	0	1	253	1	253	0	1256
65	152398	99.60	253	0	0	1	253	1	253	0	1256
65	2579	99.60	253	0	0	1	253	1	253	0	1256
66	160750	100.00	253	0	0	1	253	1	253	0	1265
66	276393	99.60	253	0	0	1	253	1	253	0	1256
66	358985	99.60	253	0	0	1	253	1	253	0	1256
66	279983	97.67	257	0	0	1	253	1	257	0	1199
67	4914	100.00	253	0	0	1	253	1	253	0	1265
67	286410	99.60	253	0	0	1	253	1	253	0	1256
67	44825	99.60	253	0	0	1	253	1	253	0	1256
67	75437	99.60	253	0	0	1	253	1	253	0	1256
68	231301	100.00	253	0	0	1	253	1	253	0	1265
68	268262	99.60	253	0	0	1	253	1	253	0	1256
68	297205	99.60	253	0	0	1	253	1	253	0	1256
68	241926	99.60	253	0	0	1	253	1	253	0	1256
69	225916	100.00	253	0	0	1	253	1	253	0	1265
69	307243	99.60	253	0	0	1	253	1	253	0	1256
69	310496	99.60	253	0	0	1	253	1	253	0	1256
69	225543	99.60	253	0	0	1	253	1	253	0	1256
70	262092	100.00	253	0	0	1	253	1	253	0	1265
70	104049	97.63	253	0	0	1	253	1	253	0	1211
70	97095	95.65	253	0	0	1	253	1	253	0	1166
70	294073	95.65	253	0	0	1	253	1	253	0	1166
71	90360	100.00	253	0	0	1	253	1	253	0	1265
71	237103	99.60	253	0	0	1	253	1	253	0	1256
71	289506	99.60	253	0	0	1	253	1	253	0	1256
71	282031	99.60	253	0	0	1	253	1	253	0	1256
72	172407	100.00	253	0	0	1	253	1	253	0	1265
72	370192	99.60	253	0	0	1	253	1	253	0	1256
72	231430	99.60	253	0	0	1	253	1	253	0	1256
72	277557	99.60	253	0	0	1	253	1	253	0	1256
73	97045	100.00	253	0	0	1	253	1	253	0	1265
73	295268	99.61	254	0	0	1	253	1	254	0	1253
73	277932	99.60	253	0	0	1	253	1	253	0	1256
73	288121	99.21	253	0	0	1	253	1	253	0	1247
74	89363	100.00	253	0	0	1	253	1	253	0	1265
74	415505	99.60	253	0	0	1	253	1	253	0	1256
74	250436	99.60	253	0	0	1	253	1	253	0	1256
74	239998	99.60	253	0	0	1	253	1	253	0	1256
75	155344	100.00	253	0	0	1	253	1	253	0	1265
75	202298	99.60	253	0	0	1	253	1	252	0	1248
75	294203	99.60	253	0	0	1	253	1	253	0	1256
75	226858	99.21	253	0	0	1	253	1	253	0	1247
76	252700	100.00	253	0	0	1	253	1	253	0	1265
76	295321	99.60	253	0	0	1	253	1	253	0	1256
76	322894	99.60	253	0	0	1	253	1	253	0	1256
76	307344	99.60	253	0	0	1	253	1	253	0	1256
77	163633	100.00	253	0	0	1	253	1	253	0	1265
77	324921	99.60	253	0	0	1	253	1	253	0	1256
77	260754	99.60	253	0	0	1	253	1	252	0	1248
77	363928	99.60	253	0	0	1	253	1	253	0	1256
78	136752	100.00	254	0	0	1	254	1	254	0	1270
78	360983	99.61	254	0	0	1	254	1	254	0	1261
78	351079	99.61	254	0	0	1	254	1	254	0	1261
78	160580	99.21	254	0	0	1	254	1	254	0	1252
79	130988	100.00	253	0	0	1	253	1	253	0	1265
79	246077	99.60	253	0	0	1	253	1	253	0	1256
79	235546	99.60	253	0	0	1	253	1	253	0	1256
79	309976	99.60	253	0	0	1	253	1	253	0	1256
80	83	100.00	253	0	0	1	253	1	253	0	1265
80	320481	99.60	253	0	0	1	253	1	253	0	1256
80	368345	99.60	253	0	0	1	253	1	253	0	1256
80	445574	99.60	253	0	0	1	253	1	253	0	1256
81	137158	100.00	253	0	0	1	253	1	253	0	1265
81	230095	99.60	253	0	0	1	253	1	253	0	1256
81	222255	99.60	253	0	0	1	253	1	253	0	1256
81	247917	99.60	253	0	0	1	253	1	253	0	1256
82	2589	100.00	252	0	0	1	252	1	252	0	1260
82	85205	99.60	252	0	0	1	252	1	252	0	1251
82	395164	99.60	252	0	0	1	252	1	252	0	1253
82	87757	99.60	252	0	0	1	252	1	252	0	1251
83	90001	100.00	253	0	0	1	253	1	253	0	1265
83	328822	99.60	253	0	0	1	253	1	253	0	1256
83	378630	99.60	253	0	0	1	253	1	253	0	1256
83	357398	99.60	253	0	0	1	253	1	253	0	1256
84	76553	100.00	253	0	0	1	253	1	253	0	1265
84	305393	99.60	253	0	0	1	253	1	253	0	1256
84	281929	99.60	253	0	0	1	253	1	253	0	1256
84	207223	99.60	253	0	0	1	253	1	253	0	1256
85	13	100.00	253	0	0	1	253	1	253	0	1265
85	51569	99.60	253	0	0	1	253	1	253	0	1261
85	110518	99.60	253	0	0	1	253	1	253	0	1261
85	17467	99.60	253	0	0	1	253	1	253	0	1261
86	70233	100.00	253	0	0	1	253	1	253	0	1265
86	288926	99.60	253	0	0	1	253	1	253	0	1256
86	121584	99.60	253	0	0	1	253	1	253	0	1256
86	330832	99.60	253	0	0	1	253	1	253	0	1256
87	97835	100.00	253	0	0	1	253	1	253	0	1265
87	295891	99.60	253	0	0	1	253	1	253	0	1256
87	324906	99.60	253	0	0	1	253	1	253	0	1256
87	282358	99.21	253	0	0	1	253	1	253	0	1247
88	236288	100.00	253	0	0	1	253	1	253	0	1265
88	262234	99.60	253	0	0	1	253	1	253	0	1256
88	295995	99.60	253	0	0	1	253	1	253	0	1256
88	253758	99.60	253	0	0	1	253	1	253	0	1256
89	186	100.00	253	0	0	1	253	1	253	0	1265
89	50873	99.60	253	0	0	1	253	1	253	0	1261
89	79580	99.60	253	0	0	1	253	1	253	0	1261
89	6637	99.60	253	0	0	1	253	1	253	0	1261
90	311645	97.65	255	0	0	1	255	1	255	0	1221
90	92649	96.86	255	0	0	1	255	1	255	0	1203
90	257272	95.69	255	0	0	1	255	1	255	0	1176
90	278977	94.90	255	0	0	1	255	1	255	0	1158
91	206812	100.00	253	0	0	1	253	1	253	0	1265
91	223349	99.60	253	0	0	1	253	1	253	0	1256
91	238614	99.60	253	0	0	1	253	1	253	0	1256
91	249192	99.60	253	0	0	1	253	1	253	0	1256
92	88682	100.00	253	0	0	1	253	1	253	0	1265
92	237200	99.60	253	0	0	1	253	1	253	0	1256
92	156205	99.60	253	0	0	1	253	1	253	0	1256
92	421361	99.60	253	0	0	1	253	1	253	0	1256
93	221063	100.00	253	0	0	1	253	1	253	0	1265
93	324799	99.60	253	0	0	1	253	1	253	0	1256
93	309201	99.60	253	0	0	1	253	1	253	0	1256
93	235465	99.60	253	0	0	1	253	1	253	0	1256
94	100564	100.00	253	0	0	1	253	1	253	0	1265
94	264396	99.60	253	0	0	1	253	1	253	0	1256
94	262331	99.60	253	0	0	1	253	1	253	0	1256
94	226874	99.21	253	0	0	1	253	1	253	0	1247
95	433442	100.00	253	0	0	1	253	1	253	0	1265
95	92494	99.60	253	0	0	1	253	1	253	0	1256
95	445995	99.21	254	0	0	1	253	1	254	0	1244
95	70248	96.44	253	0	0	1	253	1	253	0	1184
96	377	100.00	252	0	0	1	252	1	252	0	1260
96	441834	99.60	252	0	0	1	252	1	252	0	1251
96	418465	99.60	252	0	0	1	252	1	252	0	1256
96	186030	99.60	252	0	0	1	252	1	252	0	1251
97	187016	100.00	252	0	0	1	252	1	252	0	1260
97	215630	99.60	253	0	0	1	252	1	253	0	1248
97	315322	99.60	252	0	0	1	252	1	252	0	1251
97	207212	98.81	252	0	0	1	252	1	252	0	1233
98	263585	99.60	253	0	0	1	253	1	253	0	1256
98	210327	99.60	253	0	0	1	253	1	253	0	1256
98	139527	99.60	253	0	0	1	253	1	253	0	1256
98	92374	99.21	253	0	0	1	253	1	253	0	1247
99	2255	100.00	253	0	0	1	253	1	253	0	1265
99	8058	99.60	253	0	0	1	253	1	253	0	1258
99	98284	99.60	253	0	0	1	253	1	253	0	1256
99	91124	99.60	253	0	0	1	253	1	253	0	1256
100	253417	99.60	252	0	0	1	252	1	252	0	1251
100	359944	99.21	252	0	0	1	252	1	252	0	1242
100	375060	99.21	252	0	0	1	252	1	252	0	1242
100	363217	99.21	252	0	0	1	252	1	252	0	1242
101	208303	100.00	253	0	0	1	253	1	253	0	1265
101	236086	99.60	253	0	0	1	253	1	253	0	1256
101	97265	99.21	253	0	0	1	253	1	253	0	1247
101	257141	99.21	253	0	0	1	253	1	253	0	1247
102	216852	100.00	253	0	0	1	253	1	253	0	1265
102	306079	99.60	253	0	0	1	253	1	253	0	1256
102	328801	99.60	253	0	0	1	253	1	253	0	1256
102	325524	99.21	253	0	0	1	253	1	253	0	1247
103	88129	100.00	253	0	0	1	253	1	253	0	1265
103	252581	99.60	253	0	0	1	253	1	253	0	1256
103	262894	99.60	253	0	0	1	253	1	253	0	1256
103	71841	98.81	253	0	0	1	253	1	253	0	1238
104	400	100.00	253	0	0	1	253	1	253	0	1265
104	99082	99.60	253	0	0	1	253	1	253	0	1261
104	59424	99.60	253	0	0	1	253	1	253	0	1261
104	427536	99.60	253	0	0	1	253	1	253	0	1261
105	269055	100.00	253	0	0	1	253	1	253	0	1265
105	153389	98.02	253	0	0	1	253	1	253	0	1220
105	327339	97.23	253	0	0	1	253	1	253	0	1202
105	327258	97.23	253	0	0	1	253	1	253	0	1202
106	87855	100.00	253	0	0	1	253	1	253	0	1265
106	397409	99.60	253	0	0	1	253	1	253	0	1256
106	251436	99.60	253	0	0	1	253	1	253	0	1256
106	251441	99.21	253	0	0	1	253	1	253	0	1247
107	5393	100.00	251	0	0	1	251	1	251	0	1255
107	34312	99.60	251	0	0	1	251	1	251	0	1246
107	381189	99.60	251	0	0	1	251	1	251	0	1246
107	80721	99.60	251	0	0	1	251	1	251	0	1246
108	217605	100.00	253	0	0	1	253	1	253	0	1265
108	296936	99.60	253	0	0	1	253	1	253	0	1256
108	240258	99.60	253	0	0	1	253	1	253	0	1256
108	430207	99.60	253	0	0	1	253	1	253	0	1256
109	109744	100.00	253	0	0	1	253	1	253	0	1265
109	13878	99.60	253	0	0	1	253	1	253	0	1256
109	18982	98.02	253	0	0	1	253	1	253	0	1220
109	337248	97.63	253	0	0	1	253	1	253	0	1211
110	153389	98.42	253	0	0	1	253	1	253	0	1229
110	269055	98.02	253	0	0	1	253	1	253	0	1220
110	327258	97.63	253	0	0	1	253	1	253	0	1211
110	128334	97.23	253	0	0	1	253	1	253	0	1202
111	69771	100.00	253	0	0	1	253	1	253	0	1265
111	206812	99.60	253	0	0	1	253	1	253	0	1256
111	234413	99.60	253	0	0	1	253	1	253	0	1256
111	220662	99.60	253	0	0	1	253	1	252	0	1248
112	210261	100.00	253	0	0	1	253	1	253	0	1265
112	239952	99.60	253	0	0	1	253	1	253	0	1256
112	207228	99.60	253	0	0	1	253	1	253	0	1256
112	226851	99.60	253	0	0	1	253	1	253	0	1256
113	125815	100.00	253	0	0	1	253	1	253	0	1265
113	185161	99.60	253	0	0	1	253	1	253	0	1256
113	211798	98.81	253	0	0	1	253	1	253	0	1238
113	235991	98.81	253	0	0	1	253	1	253	0	1238
114	209165	100.00	253	0	0	1	253	1	253	0	1265
114	278904	99.61	254	0	0	1	253	1	254	0	1253
114	404571	99.21	253	0	0	1	253	1	253	0	1247
114	90583	99.21	253	0	0	1	253	1	253	0	1247
115	221171	100.00	253	0	0	1	253	1	253	0	1265
115	276374	99.60	253	0	0	1	253	1	253	0	1256
115	286841	99.60	253	0	0	1	253	1	253	0	1256
115	244117	99.60	253	0	0	1	253	1	253	0	1256
116	226549	100.00	253	0	0	1	253	1	253	0	1265
116	221097	99.60	253	0	0	1	253	1	253	0	1256
116	245379	99.60	253	0	0	1	253	1	253	0	1256
116	260752	99.60	253	0	0	1	253	1	253	0	1256
117	4101	100.00	253	0	0	1	253	1	253	0	1265
117	13939	99.60	253	0	0	1	253	1	253	0	1256
117	311021	99.60	253	0	0	1	253	1	253	0	1256
117	49410	98.81	253	0	0	1	253	1	253	0	1244
118	73338	100.00	253	0	0	1	253	1	253	0	1265
118	394760	99.60	253	0	0	1	253	1	253	0	1256
118	145296	99.60	253	0	0	1	253	1	253	0	1256
118	229566	99.60	253	0	0	1	253	1	253	0	1256
119	101110	100.00	253	0	0	1	253	1	253	0	1265
119	101530	99.60	253	0	0	1	253	1	253	0	1256
119	210249	99.60	253	0	0	1	253	1	253	0	1256
119	150917	99.60	253	0	0	1	253	1	253	0	1256
120	70712	100.00	253	0	0	1	253	1	253	0	1265
120	153199	99.60	253	0	0	1	253	1	253	0	1256
120	349904	99.60	253	0	0	1	253	1	253	0	1256
120	74580	99.60	253	0	0	1	253	1	253	0	1256
121	170119	100.00	253	0	0	1	253	1	253	0	1265
121	213297	99.61	254	0	0	1	253	1	254	0	1253
121	232902	99.60	253	0	0	1	253	1	253	0	1256
121	269664	98.42	253	0	0	1	253	1	253	0	1229
122	90997	100.00	254	0	0	1	254	1	254	0	1270
122	328717	99.61	254	0	0	1	254	1	254	0	1261
122	260033	99.61	254	0	0	1	254	1	254	0	1261
122	411609	99.61	254	0	0	1	254	1	254	0	1261
123	281826	100.00	253	0	0	1	253	1	253	0	1265
123	251532	99.60	253	0	0	1	253	1	253	0	1256
123	396433	99.21	253	0	0	1	253	1	253	0	1247
123	281113	99.21	253	0	0	1	253	1	253	0	1247
124	237668	100.00	253	0	0	1	253	1	253	0	1265
124	354354	99.21	253	0	0	1	253	1	253	0	1247
124	286371	98.81	253	0	0	1	253	1	253	0	1238
124	209444	98.02	253	0	0	1	253	1	253	0	1220
125	90965	100.00	253	0	0	1	253	1	253	0	1265
125	260766	99.60	253	0	0	1	253	1	253	0	1256
125	298843	99.60	253	0	0	1	253	1	253	0	1256
125	262086	99.60	253	0	0	1	253	1	253	0	1256
126	222302	100.00	254	0	0	1	254	1	254	0	1270
126	281113	99.61	254	0	0	1	254	1	253	0	1253
126	236192	99.61	254	0	0	1	254	1	254	0	1261
126	287130	99.61	254	0	0	1	254	1	254	0	1261
127	221636	100.00	253	0	0	1	253	1	253	0	1265
127	168969	99.60	253	0	0	1	253	1	253	0	1256
127	268996	99.60	253	0	0	1	253	1	253	0	1256
127	312840	98.81	253	0	0	1	253	1	253	0	1238
128	209290	100.00	253	0	0	1	253	1	253	0	1265
128	291911	99.60	253	0	0	1	253	1	253	0	1256
128	281075	99.60	253	0	0	1	253	1	253	0	1256
128	379679	99.60	253	0	0	1	253	1	253	0	1256
129	235768	100.00	253	0	0	1	253	1	253	0	1265
129	375094	99.60	253	0	0	1	253	1	253	0	1256
129	339328	99.60	253	0	0	1	253	1	253	0	1256
129	293112	99.60	253	0	0	1	253	1	253	0	1256
130	229129	100.00	253	0	0	1	253	1	253	0	1265
130	250445	99.60	253	0	0	1	253	1	253	0	1256
130	207706	99.60	253	0	0	1	253	1	253	0	1256
130	198781	99.60	253	0	0	1	253	1	253	0	1256
131	235591	100.00	253	0	0	1	253	1	253	0	1265
131	323097	99.60	253	0	0	1	253	1	253	0	1256
131	206846	99.60	253	0	0	1	253	1	253	0	1256
131	217563	99.60	253	0	0	1	253	1	253	0	1256
132	212097	100.00	253	0	0	1	253	1	253	0	1265
132	305592	99.60	253	0	0	1	253	1	253	0	1256
132	212076	99.60	253	0	0	1	253	1	253	0	1256
132	93945	99.60	253	0	0	1	253	1	253	0	1256
133	94320	98.81	252	0	0	1	252	1	252	0	1233
133	139004	98.81	252	0	0	1	252	1	252	0	1233
133	296027	98.41	252	0	0	1	252	1	252	0	1224
133	211791	98.41	252	0	0	1	252	1	252	0	1224
134	161479	100.00	253	0	0	1	253	1	253	0	1265
134	225543	99.60	253	0	0	1	253	1	253	0	1256
134	292968	99.60	253	0	0	1	253	1	253	0	1256
134	319630	99.60	253	0	0	1	253	1	253	0	1256
135	87091	99.60	253	0	0	1	253	1	253	0	1256
135	290768	99.21	253	0	0	1	253	1	253	0	1247
135	308713	99.21	253	0	0	1	253	1	253	0	1247
135	218056	99.21	253	0	0	1	253	1	253	0	1247
136	210964	100.00	253	0	0	1	253	1	253	0	1265
136	245793	99.60	253	0	0	1	253	1	253	0	1256
136	231912	99.60	253	0	0	1	253	1	253	0	1256
136	253004	99.60	253	0	0	1	253	1	253	0	1256
137	89728	100.00	253	0	0	1	253	1	253	0	1265
137	231372	99.60	253	0	0	1	253	1	252	0	1248
137	264245	99.60	253	0	0	1	253	1	253	0	1256
137	309387	99.60	253	0	0	1	253	1	253	0	1256
138	218056	100.00	253	0	0	1	253	1	253	0	1265
138	449304	99.60	253	0	0	1	253	1	253	0	1256
138	277603	98.81	253	0	0	1	253	1	253	0	1238
138	207696	98.81	253	0	0	1	253	1	253	0	1238
139	77406	100.00	253	0	0	1	253	1	253	0	1265
139	378080	99.60	253	0	0	1	253	1	253	0	1258
139	93684	98.02	253	0	0	1	253	1	253	0	1220
139	306468	98.02	253	0	0	1	253	1	253	0	1220
140	236167	100.00	253	0	0	1	253	1	253	0	1265
140	238288	99.60	253	0	0	1	253	1	253	0	1256
140	239340	99.60	253	0	0	1	253	1	253	0	1256
140	218791	99.60	253	0	0	1	253	1	253	0	1256
141	115322	100.00	253	0	0	1	253	1	253	0	1265
141	90537	99.21	253	0	0	1	253	1	253	0	1247
141	393814	99.21	253	0	0	1	253	1	253	0	1247
141	246986	98.81	253	0	0	1	253	1	253	0	1238
142	220728	100.00	252	0	0	1	252	1	252	0	1260
142	72284	98.02	252	0	0	1	252	1	252	0	1215
142	50957	97.62	252	0	0	1	252	1	252	0	1206
142	39137	97.62	252	0	0	1	252	1	252	0	1206
143	279861	99.60	252	0	0	1	252	1	252	0	1251
143	213918	99.21	252	0	0	1	252	1	252	0	1242
143	305057	93.25	252	0	0	1	252	1	252	0	1107
143	125829	92.46	252	0	0	1	252	1	252	0	1089
144	71878	100.00	253	0	0	1	253	1	253	0	1265
144	104050	99.61	254	0	0	1	253	1	254	0	1253
144	287897	99.60	253	0	0	1	253	1	253	0	1256
144	383734	99.21	253	0	0	1	253	1	253	0	1247
145	206846	100.00	253	0	0	1	253	1	253	0	1265
145	221645	99.60	253	0	0	1	253	1	253	0	1256
145	235591	99.60	253	0	0	1	253	1	253	0	1256
145	323097	99.21	253	0	0	1	253	1	253	0	1247
146	581	100.00	253	0	0	1	253	1	253	0	1265
146	99796	99.60	253	0	0	1	253	1	253	0	1258
146	30617	99.60	253	0	0	1	253	1	253	0	1258
146	31965	99.60	253	0	0	1	253	1	253	0	1258
147	5102	100.00	253	0	0	1	253	1	253	0	1265
147	25943	99.21	253	0	0	1	253	1	253	0	1247
147	5410	99.21	253	0	0	1	253	1	253	0	1247
147	97458	98.81	253	0	0	1	253	1	253	0	1238
148	222241	100.00	252	0	0	1	252	1	252	0	1260
148	280091	98.41	252	0	0	1	252	1	252	0	1224
148	283386	98.02	253	0	0	1	252	1	253	0	1212
148	299555	97.62	252	0	0	1	252	1	252	0	1206
149	55641	100.00	252	0	0	1	252	1	252	0	1260
149	236177	99.60	252	0	0	1	252	1	252	0	1251
149	340818	99.60	252	0	0	1	252	1	252	0	1251
149	295039	99.60	252	0	0	1	252	1	252	0	1251
150	172882	100.00	253	0	0	1	253	1	253	0	1265
150	315811	99.61	254	0	0	1	253	1	254	0	1253
150	92374	99.60	253	0	0	1	253	1	253	0	1256
150	249977	99.60	253	0	0	1	253	1	253	0	1256
151	210278	100.00	253	0	0	1	253	1	253	0	1265
151	235953	99.60	253	0	0	1	253	1	253	0	1256
151	261261	99.21	253	0	0	1	253	1	253	0	1247
151	250443	99.21	253	0	0	1	253	1	253	0	1247
152	90321	100.00	253	0	0	1	253	1	253	0	1265
152	291028	99.60	253	0	0	1	253	1	253	0	1256
152	284689	98.81	253	0	0	1	253	1	253	0	1238
152	282379	98.81	253	0	0	1	253	1	253	0	1238
153	96699	100.00	253	0	0	1	253	1	253	0	1265
153	392044	99.21	253	0	0	1	253	1	253	0	1247
153	374595	98.81	253	0	0	1	253	1	253	0	1238
153	220950	97.63	253	0	0	1	253	1	253	0	1211
154	127276	99.60	253	0	0	1	253	1	253	0	1256
154	260047	99.21	253	0	0	1	253	1	253	0	1247
154	130707	99.21	253	0	0	1	253	1	253	0	1247
154	206581	99.21	253	0	0	1	253	1	253	0	1247
155	207228	100.00	253	0	0	1	253	1	253	0	1265
155	210261	99.60	253	0	0	1	253	1	253	0	1256
155	433229	99.60	253	0	0	1	253	1	253	0	1256
155	238615	99.60	253	0	0	1	253	1	253	0	1256
156	89319	100.00	253	0	0	1	253	1	253	0	1265
156	363420	99.60	253	0	0	1	253	1	253	0	1256
156	238274	99.60	253	0	0	1	253	1	252	0	1248
156	94379	98.81	253	0	0	1	253	1	253	0	1238
157	326842	100.00	253	0	0	1	253	1	253	0	1265
157	210964	99.60	253	0	0	1	253	1	253	0	1256
157	231912	99.21	253	0	0	1	253	1	253	0	1247
157	253004	99.21	253	0	0	1	253	1	253	0	1247
158	225866	100.00	253	0	0	1	253	1	253	0	1265
158	234424	99.61	254	0	0	1	253	1	254	0	1253
158	222254	99.60	253	0	0	1	253	1	253	0	1256
158	220639	99.60	253	0	0	1	253	1	253	0	1256
159	211798	100.00	253	0	0	1	253	1	253	0	1265
159	125815	98.81	253	0	0	1	253	1	253	0	1238
159	185161	98.42	253	0	0	1	253	1	253	0	1229
159	86588	98.02	253	0	0	1	253	1	253	0	1220
160	408323	100.00	253	0	0	1	253	1	253	0	1265
160	153435	97.23	253	0	0	1	253	1	252	0	1194
160	438092	95.65	253	0	0	1	253	1	253	0	1166
160	235617	95.65	253	0	0	1	253	1	253	0	1166
161	265179	99.60	253	0	0	1	253	1	253	0	1256
161	275871	99.60	253	0	0	1	253	1	253	0	1256
161	294073	99.60	253	0	0	1	253	1	253	0	1256
161	120829	99.60	253	0	0	1	253	1	253	0	1256
162	72397	99.60	253	0	0	1	253	1	253	0	1256
162	234389	99.21	253	0	0	1	253	1	253	0	1247
162	279978	99.21	253	0	0	1	253	1	253	0	1247
162	290454	99.21	253	0	0	1	253	1	253	0	1247
163	130183	100.00	253	0	0	1	253	1	253	0	1265
163	261209	99.60	253	0	0	1	253	1	253	0	1256
163	309604	99.60	253	0	0	1	253	1	253	0	1256
163	324185	99.60	253	0	0	1	253	1	253	0	1256
164	433086	99.60	253	0	0	1	253	1	253	0	1256
164	441689	99.21	253	0	0	1	253	1	253	0	1247
164	44242	94.86	253	0	0	1	253	1	253	0	1148
164	262943	94.47	253	0	0	1	253	1	253	0	1139
165	234380	100.00	253	0	0	1	253	1	253	0	1265
165	261236	99.60	253	0	0	1	253	1	253	0	1256
165	257498	99.60	253	0	0	1	253	1	253	0	1256
165	262167	99.60	253	0	0	1	253	1	253	0	1256
166	417409	100.00	253	0	0	1	253	1	253	0	1265
166	89381	99.60	253	0	0	1	253	1	253	0	1256
166	160623	99.21	253	0	0	1	253	1	253	0	1247
166	74775	99.21	253	0	0	1	253	1	253	0	1247
167	131493	100.00	253	0	0	1	253	1	253	0	1265
167	371339	99.60	253	0	0	1	253	1	253	0	1256
167	160160	99.21	253	0	0	1	253	1	253	0	1247
167	83645	99.21	253	0	0	1	253	1	253	0	1247
168	438081	100.00	253	0	0	1	253	1	253	0	1265
168	231765	99.21	253	0	0	1	253	1	253	0	1247
168	228040	98.81	253	0	0	1	253	1	253	0	1238
168	406275	98.81	253	0	0	1	253	1	253	0	1238
169	448683	99.60	253	0	0	1	253	1	253	0	1256
169	238785	99.21	253	0	0	1	253	1	253	0	1247
169	305061	99.21	253	0	0	1	253	1	253	0	1247
169	42428	98.81	253	0	0	1	253	1	253	0	1238
170	70016	100.00	253	0	0	1	253	1	253	0	1265
170	299175	99.61	254	0	0	1	253	1	254	0	1253
170	218851	99.60	253	0	0	1	253	1	253	0	1256
170	115320	98.42	253	0	0	1	253	1	253	0	1229
171	87486	100.00	253	0	0	1	253	1	253	0	1265
171	220641	99.60	253	0	0	1	253	1	253	0	1256
171	139949	99.60	253	0	0	1	253	1	253	0	1256
171	92353	99.21	254	0	0	1	253	1	254	0	1244
172	245790	100.00	253	0	0	1	253	1	253	0	1265
172	198580	98.81	253	0	0	1	253	1	253	0	1238
172	324062	98.81	253	0	0	1	253	1	253	0	1238
172	288551	98.42	253	0	0	1	253	1	253	0	1229
173	100562	100.00	253	0	0	1	253	1	253	0	1265
173	265197	99.21	253	0	0	1	253	1	253	0	1247
173	62801	99.21	253	0	0	1	253	1	251	0	1231
173	270908	98.81	253	0	0	1	253	1	253	0	1238
174	121967	100.00	253	0	0	1	253	1	253	0	1265
174	281269	99.60	253	0	0	1	253	1	253	0	1256
174	292771	99.60	253	0	0	1	253	1	253	0	1256
174	220743	99.60	253	0	0	1	253	1	253	0	1256
175	174525	99.21	253	0	0	1	253	1	252	0	1239
175	89252	99.21	253	0	0	1	253	1	253	0	1247
175	228442	98.44	256	0	0	1	253	1	256	0	1228
175	88178	96.44	253	0	0	1	253	1	253	0	1184
176	240539	100.00	253	0	0	1	253	1	253	0	1265
176	260038	99.60	253	0	0	1	253	1	253	0	1256
176	296981	93.28	253	0	0	1	253	1	253	0	1112
176	61174	93.28	253	0	0	1	253	1	253	0	1112
177	224697	100.00	253	0	0	1	253	1	253	0	1265
177	292700	99.60	253	0	0	1	253	1	253	0	1256
177	245441	99.60	253	0	0	1	253	1	253	0	1256
177	283415	99.60	253	0	0	1	253	1	253	0	1256
178	120172	98.42	253	0	0	1	253	1	253	0	1229
178	143592	96.44	253	0	0	1	253	1	253	0	1184
178	84110	96.05	253	0	0	1	253	1	253	0	1175
178	265630	96.05	253	0	0	1	253	1	253	0	1175
179	172712	100.00	253	0	0	1	253	1	253	0	1265
179	157990	99.60	253	0	0	1	253	1	253	0	1256
179	406265	99.60	253	0	0	1	253	1	253	0	1256
179	393814	99.21	253	0	0	1	253	1	253	0	1247
180	180158	100.00	252	0	0	1	252	1	252	0	1260
180	427709	99.60	252	0	0	1	252	1	252	0	1251
180	283841	99.60	252	0	0	1	252	1	252	0	1251
180	317170	99.21	252	0	0	1	252	1	252	0	1242
181	207216	100.00	253	0	0	1	253	1	253	0	1265
181	355997	99.60	253	0	0	1	253	1	253	0	1256
181	268959	99.60	253	0	0	1	253	1	253	0	1256
181	291930	99.60	253	0	0	1	253	1	253	0	1256
182	230075	100.00	253	0	0	1	253	1	253	0	1265
182	326749	99.60	253	0	0	1	253	1	253	0	1256
182	230165	99.60	253	0	0	1	253	1	253	0	1256
182	326745	99.60	253	0	0	1	253	1	253	0	1256
183	226121	99.60	253	0	0	1	252	1	253	0	1248
183	268929	98.81	252	0	0	1	252	1	252	0	1233
183	315770	97.62	252	0	0	1	252	1	252	0	1206
183	107913	95.24	252	0	0	1	252	1	252	0	1152
184	231792	100.00	253	0	0	1	253	1	253	0	1265
184	247122	99.60	253	0	0	1	253	1	253	0	1256
184	225882	99.60	253	0	0	1	253	1	253	0	1256
184	209955	99.60	253	0	0	1	253	1	253	0	1256
185	76749	100.00	253	0	0	1	253	1	253	0	1265
185	359974	99.60	253	0	0	1	253	1	253	0	1256
185	342100	99.60	253	0	0	1	253	1	253	0	1256
185	447490	99.60	253	0	0	1	253	1	253	0	1256
186	430207	100.00	253	0	0	1	253	1	253	0	1265
186	217605	99.60	253	0	0	1	253	1	253	0	1256
186	240258	99.21	253	0	0	1	253	1	253	0	1247
186	305043	99.21	253	0	0	1	253	1	253	0	1247
187	248888	100.00	253	0	0	1	253	1	253	0	1265
187	153198	99.60	253	0	0	1	253	1	252	0	1248
187	324658	99.60	253	0	0	1	253	1	253	0	1256
187	229860	96.05	253	0	0	1	253	1	253	0	1175
188	40121	100.00	252	0	0	1	252	1	252	0	1260
188	301421	99.60	252	0	0	1	252	1	252	0	1251
188	288848	99.60	252	0	0	1	252	1	252	0	1251
188	231360	99.60	252	0	0	1	252	1	252	0	1251
189	29233	100.00	253	0	0	1	253	1	253	0	1265
189	4757	99.60	253	0	0	1	253	1	253	0	1256
189	239140	99.60	253	0	0	1	253	1	253	0	1256
189	357604	99.60	253	0	0	1	253	1	253	0	1256
190	136291	100.00	253	0	0	1	253	1	253	0	1265
190	171315	99.21	253	0	0	1	253	1	253	0	1247
190	88555	98.42	253	0	0	1	253	1	253	0	1229
190	218379	98.02	253	0	0	1	253	1	253	0	1220
191	20812	100.00	253	0	0	1	253	1	253	0	1265
191	262126	99.60	253	0	0	1	253	1	253	0	1256
191	251094	99.60	253	0	0	1	253	1	253	0	1256
191	290378	99.60	253	0	0	1	253	1	253	0	1256
192	89275	100.00	253	0	0	1	253	1	253	0	1265
192	246925	99.60	253	0	0	1	253	1	253	0	1256
192	375935	99.60	253	0	0	1	253	1	253	0	1256
192	339316	99.21	254	0	0	1	253	1	254	0	1244
193	433229	100.00	253	0	0	1	253	1	253	0	1265
193	207228	99.60	253	0	0	1	253	1	253	0	1256
193	210261	99.60	253	0	0	1	253	1	253	0	1256
193	238615	99.21	253	0	0	1	253	1	253	0	1247
194	258	100.00	252	0	0	1	252	1	252	0	1260
194	215123	99.60	252	0	0	1	252	1	252	0	1251
194	327862	99.60	252	0	0	1	252	1	252	0	1251
194	446488	99.60	252	0	0	1	252	1	252	0	1251
195	311645	97.25	255	0	0	1	255	1	255	0	1212
195	92649	96.47	255	0	0	1	255	1	255	0	1194
195	257272	95.29	255	0	0	1	255	1	255	0	1167
195	278977	94.51	255	0	0	1	255	1	255	0	1149
196	121798	100.00	252	0	0	1	252	1	252	0	1260
196	292860	99.21	252	0	0	1	252	1	252	0	1242
196	150526	98.81	252	0	0	1	252	1	252	0	1233
196	93523	98.02	252	0	0	1	252	1	252	0	1215
197	75265	100.00	253	0	0	1	253	1	253	0	1265
197	304215	99.60	253	0	0	1	253	1	253	0	1256
197	356279	99.60	253	0	0	1	253	1	253	0	1256
197	345705	99.60	253	0	0	1	253	1	253	0	1256
198	89252	99.60	253	0	0	1	253	1	253	0	1256
198	228442	98.83	256	0	0	1	253	1	256	0	1237
198	174525	98.81	253	0	0	1	253	1	252	0	1230
198	286621	96.44	253	0	0	1	253	1	253	0	1184
199	424709	100.00	253	0	0	1	253	1	253	0	1265
199	293555	97.63	253	0	0	1	253	1	253	0	1211
199	269944	96.84	253	0	0	1	253	1	253	0	1193
199	447327	96.84	253	0	0	1	253	1	253	0	1193
200	220077	100.00	253	0	0	1	253	1	253	0	1265
200	319228	99.60	253	0	0	1	253	1	253	0	1256
200	302238	99.60	253	0	0	1	253	1	253	0	1256
200	210245	98.42	253	0	0	1	253	1	253	0	1229
201	240543	100.00	253	0	0	1	253	1	253	0	1265
201	238409	99.21	253	0	0	1	253	1	253	0	1247
201	229093	99.21	253	0	0	1	253	1	253	0	1247
201	210241	99.21	253	0	0	1	253	1	253	0	1247
202	269669	100.00	252	0	0	1	252	1	252	0	1260
202	215712	99.60	253	0	0	1	252	1	253	0	1248
202	310462	99.60	252	0	0	1	252	1	252	0	1251
202	93523	94.44	252	0	0	1	252	1	252	0	1134
203	87673	100.00	253	0	0	1	253	1	253	0	1265
203	88871	99.60	253	0	0	1	253	1	253	0	1256
203	87300	99.21	253	0	0	1	253	1	253	0	1247
203	89027	98.81	253	0	0	1	253	1	253	0	1238
204	251707	96.11	257	0	0	1	253	1	257	0	1163
204	408323	94.86	253	0	0	1	253	1	253	0	1148
204	120013	94.47	253	0	0	1	253	1	253	0	1139
204	28701	94.47	253	0	0	1	253	1	253	0	1139
205	3986	99.60	253	0	0	1	253	1	253	0	1256
205	173162	99.21	253	0	0	1	253	1	253	0	1247
205	203403	99.21	253	0	0	1	253	1	253	0	1247
205	201824	99.21	253	0	0	1	253	1	253	0	1247
206	79026	100.00	253	0	0	1	253	1	253	0	1265
206	80624	99.60	253	0	0	1	253	1	253	0	1256
206	438295	99.60	253	0	0	1	253	1	253	0	1256
206	302130	99.22	255	0	0	1	253	1	255	0	1241
207	89472	94.84	252	0	0	1	252	1	252	0	1143
207	283849	94.44	252	0	0	1	252	1	252	0	1134
207	232458	91.67	252	0	0	1	252	1	252	0	1071
207	80018	91.67	252	0	0	1	252	1	252	0	1071
208	217563	100.00	253	0	0	1	253	1	253	0	1265
208	235591	99.60	253	0	0	1	253	1	253	0	1256
208	288996	99.60	253	0	0	1	253	1	253	0	1256
208	206846	99.21	253	0	0	1	253	1	253	0	1247
209	153438	100.00	253	0	0	1	253	1	253	0	1265
209	312472	99.60	253	0	0	1	253	1	253	0	1256
209	265499	99.21	253	0	0	1	253	1	253	0	1247
209	326283	98.81	253	0	0	1	253	1	253	0	1238
210	203530	100.00	253	0	0	1	253	1	253	0	1265
210	90015	99.60	253	0	0	1	253	1	253	0	1256
210	435870	99.21	253	0	0	1	253	1	253	0	1247
210	90121	99.21	253	0	0	1	253	1	253	0	1247
211	294073	98.81	253	0	0	1	253	1	253	0	1238
211	275871	98.81	253	0	0	1	253	1	253	0	1238
211	265179	98.81	253	0	0	1	253	1	253	0	1238
211	120829	98.81	253	0	0	1	253	1	253	0	1238
212	292947	100.00	252	0	0	1	252	1	252	0	1260
212	380927	99.60	252	0	0	1	252	1	252	0	1251
212	249497	98.02	252	0	0	1	252	1	252	0	1215
212	256922	98.02	252	0	0	1	252	1	252	0	1215
213	161027	100.00	253	0	0	1	253	1	253	0	1265
213	252639	99.21	253	0	0	1	253	1	253	0	1247
213	368807	99.21	253	0	0	1	253	1	253	0	1247
213	213311	97.63	253	0	0	1	253	1	253	0	1211
214	88931	100.00	253	0	0	1	253	1	253	0	1265
214	209714	98.81	253	0	0	1	253	1	253	0	1238
214	141754	98.42	253	0	0	1	253	1	253	0	1229
214	293222	98.42	253	0	0	1	253	1	253	0	1229
215	72734	100.00	253	0	0	1	253	1	253	0	1265
215	445718	99.21	253	0	0	1	253	1	253	0	1247
215	260909	99.21	253	0	0	1	253	1	253	0	1247
215	247057	99.21	253	0	0	1	253	1	253	0	1247
216	90997	99.61	254	0	0	1	254	1	254	0	1261
216	328717	99.21	254	0	0	1	254	1	254	0	1252
216	260033	99.21	254	0	0	1	254	1	254	0	1252
216	411609	99.21	254	0	0	1	254	1	254	0	1252
217	7959	100.00	252	0	0	1	252	1	252	0	1260
217	176971	99.60	252	0	0	1	252	1	252	0	1253
217	175600	99.60	252	0	0	1	252	1	252	0	1251
217	381422	99.60	252	0	0	1	252	1	252	0	1251
218	44562	98.41	252	0	0	1	252	1	252	0	1224
218	300412	98.02	252	0	0	1	252	1	252	0	1215
218	216808	97.62	252	0	0	1	252	1	252	0	1206
218	282722	97.62	252	0	0	1	252	1	252	0	1206
219	44562	100.00	252	0	0	1	252	1	252	0	1260
219	300412	99.60	252	0	0	1	252	1	252	0	1251
219	93831	99.21	252	0	0	1	252	1	252	0	1242
219	216808	99.21	252	0	0	1	252	1	252	0	1242
220	252241	100.00	253	0	0	1	253	1	253	0	1265
220	90372	99.61	254	0	0	1	253	1	254	0	1253
220	248851	99.60	253	0	0	1	253	1	253	0	1256
220	247135	99.21	253	0	0	1	253	1	253	0	1247
221	193990	100.00	253	0	0	1	253	1	253	0	1265
221	319772	99.60	253	0	0	1	253	1	253	0	1256
221	304747	99.60	253	0	0	1	253	1	253	0	1256
221	292878	99.60	253	0	0	1	253	1	253	0	1256
222	1853	100.00	253	0	0	1	253	1	253	0	1265
222	85030	99.60	253	0	0	1	253	1	253	0	1256
222	29233	99.60	253	0	0	1	253	1	253	0	1256
222	3432	99.60	253	0	0	1	253	1	253	0	1256
223	212128	99.60	253	0	0	1	253	1	253	0	1256
223	248983	99.21	253	0	0	1	253	1	253	0	1247
223	241352	99.21	253	0	0	1	253	1	253	0	1247
223	312440	99.21	253	0	0	1	253	1	253	0	1247
224	212100	100.00	253	0	0	1	253	1	253	0	1265
224	238433	99.60	253	0	0	1	253	1	253	0	1256
224	306722	97.23	253	0	0	1	253	1	253	0	1202
224	266837	96.84	253	0	0	1	253	1	253	0	1193
225	120013	95.26	253	0	0	1	253	1	253	0	1157
225	380050	94.47	253	0	0	1	253	1	253	0	1139
225	345251	93.31	254	0	0	1	253	1	254	0	1109
225	28701	92.49	253	0	0	1	253	1	253	0	1094
226	391476	100.00	253	0	0	1	253	1	253	0	1265
226	121693	98.42	253	0	0	1	253	1	253	0	1229
226	171267	98.02	253	0	0	1	253	1	253	0	1220
226	447345	98.02	253	0	0	1	253	1	253	0	1222
227	72284	99.60	252	0	0	1	252	1	252	0	1251
227	196915	98.41	252	0	0	1	252	1	252	0	1224
227	220728	98.41	252	0	0	1	252	1	252	0	1224
227	50957	98.41	252	0	0	1	252	1	252	0	1224
228	393834	98.42	253	0	0	1	253	1	253	0	1229
228	249987	98.02	253	0	0	1	253	1	253	0	1220
228	429124	96.44	253	0	0	1	253	1	253	0	1184
228	72319	96.05	253	0	0	1	253	1	253	0	1175
229	241085	99.21	253	0	0	1	253	1	253	0	1247
229	209928	98.81	253	0	0	1	253	1	253	0	1238
229	278976	98.81	253	0	0	1	253	1	253	0	1238
229	123698	98.81	253	0	0	1	253	1	253	0	1238
230	125815	98.81	253	0	0	1	253	1	253	0	1238
230	185161	98.42	253	0	0	1	253	1	253	0	1229
230	211798	97.63	253	0	0	1	253	1	253	0	1211
230	235991	97.63	253	0	0	1	253	1	253	0	1211
231	348910	98.81	252	0	0	1	252	1	252	0	1233
231	75259	96.43	252	0	0	1	252	1	252	0	1179
231	214583	96.43	252	0	0	1	252	1	252	0	1179
231	262552	96.03	252	0	0	1	252	1	252	0	1170
232	121586	97.62	252	0	0	1	252	1	252	0	1206
232	72717	97.22	252	0	0	1	252	1	252	0	1197
232	125251	97.22	252	0	0	1	252	1	252	0	1197
232	227583	96.03	252	0	0	1	252	1	252	0	1170
